0.000000 0.000000 0.000000 1.000000 0.000000 0.000000 0.000000 0.000000 -0.000000 -0.000000 -0.000000 -322.000000 
0.000000 0.000000 0.000000 0.000000 0.000000 0.000000 0.000000 1.000000 -0.000000 -0.000000 -0.000000 -342.000000 
1.000000 0.000000 0.000000 1.000000 0.000000 0.000000 0.000000 0.000000 -453.000000 -0.000000 -0.000000 -453.000000 
0.000000 0.000000 0.000000 0.000000 1.000000 0.000000 0.000000 1.000000 -279.000000 -0.000000 -0.000000 -279.000000 
0.000000 1.000000 0.000000 1.000000 0.000000 0.000000 0.000000 0.000000 -0.000000 -238.000000 -0.000000 -238.000000 
0.000000 0.000000 0.000000 0.000000 0.000000 1.000000 0.000000 1.000000 -0.000000 -265.000000 -0.000000 -265.000000 
0.000000 0.000000 1.000000 1.000000 0.000000 0.000000 0.000000 0.000000 -0.000000 -0.000000 -312.000000 -312.000000 
0.000000 0.000000 0.000000 0.000000 0.000000 0.000000 1.000000 1.000000 -0.000000 -0.000000 -175.000000 -175.000000 
1.000000 0.000000 1.000000 1.000000 0.000000 0.000000 0.000000 0.000000 -467.000000 -0.000000 -467.000000 -467.000000 
0.000000 0.000000 0.000000 0.000000 1.000000 0.000000 1.000000 1.000000 -128.000000 -0.000000 -128.000000 -128.000000 
0.000000 1.000000 1.000000 1.000000 0.000000 0.000000 0.000000 0.000000 -0.000000 -212.000000 -212.000000 -212.000000 
0.000000 0.000000 0.000000 0.000000 0.000000 1.000000 1.000000 1.000000 -0.000000 -116.000000 -116.000000 -116.000000 
