0.000000 0.000000 0.000000 1.000000 0.000000 0.000000 0.000000 0.000000 -0.000000 -0.000000 -0.000000 -296.000000 
0.000000 0.000000 0.000000 0.000000 0.000000 0.000000 0.000000 1.000000 -0.000000 -0.000000 -0.000000 -493.000000 
1.000000 0.000000 0.000000 1.000000 0.000000 0.000000 0.000000 0.000000 -404.000000 -0.000000 -0.000000 -404.000000 
0.000000 0.000000 0.000000 0.000000 1.000000 0.000000 0.000000 1.000000 -472.000000 -0.000000 -0.000000 -472.000000 
0.000000 1.000000 0.000000 1.000000 0.000000 0.000000 0.000000 0.000000 -0.000000 -256.000000 -0.000000 -256.000000 
0.000000 0.000000 0.000000 0.000000 0.000000 1.000000 0.000000 1.000000 -0.000000 -449.000000 -0.000000 -449.000000 
0.000000 0.000000 1.000000 1.000000 0.000000 0.000000 0.000000 0.000000 -0.000000 -0.000000 -289.000000 -289.000000 
0.000000 0.000000 0.000000 0.000000 0.000000 0.000000 1.000000 1.000000 -0.000000 -0.000000 -376.000000 -376.000000 
1.000000 0.000000 1.000000 1.000000 0.000000 0.000000 0.000000 0.000000 -399.000000 -0.000000 -399.000000 -399.000000 
0.000000 0.000000 0.000000 0.000000 1.000000 0.000000 1.000000 1.000000 -361.000000 -0.000000 -361.000000 -361.000000 
0.000000 1.000000 1.000000 1.000000 0.000000 0.000000 0.000000 0.000000 -0.000000 -253.000000 -253.000000 -253.000000 
0.000000 0.000000 0.000000 0.000000 0.000000 1.000000 1.000000 1.000000 -0.000000 -354.000000 -354.000000 -354.000000 
