0.000000 0.000000 0.000000 1.000000 0.000000 0.000000 0.000000 0.000000 -0.000000 -0.000000 -0.000000 -418.000000 
0.000000 0.000000 0.000000 0.000000 0.000000 0.000000 0.000000 1.000000 -0.000000 -0.000000 -0.000000 -305.000000 
1.000000 0.000000 0.000000 1.000000 0.000000 0.000000 0.000000 0.000000 -518.000000 -0.000000 -0.000000 -518.000000 
0.000000 0.000000 0.000000 0.000000 1.000000 0.000000 0.000000 1.000000 -286.000000 -0.000000 -0.000000 -286.000000 
0.000000 1.000000 0.000000 1.000000 0.000000 0.000000 0.000000 0.000000 -0.000000 -373.000000 -0.000000 -373.000000 
0.000000 0.000000 0.000000 0.000000 0.000000 1.000000 0.000000 1.000000 -0.000000 -244.000000 -0.000000 -244.000000 
0.000000 0.000000 1.000000 1.000000 0.000000 0.000000 0.000000 0.000000 -0.000000 -0.000000 -431.000000 -431.000000 
0.000000 0.000000 0.000000 0.000000 0.000000 0.000000 1.000000 1.000000 -0.000000 -0.000000 -199.000000 -199.000000 
1.000000 0.000000 1.000000 1.000000 0.000000 0.000000 0.000000 0.000000 -546.000000 -0.000000 -546.000000 -546.000000 
0.000000 0.000000 0.000000 0.000000 1.000000 0.000000 1.000000 1.000000 -184.000000 -0.000000 -184.000000 -184.000000 
0.000000 1.000000 1.000000 1.000000 0.000000 0.000000 0.000000 0.000000 -0.000000 -382.000000 -382.000000 -382.000000 
0.000000 0.000000 0.000000 0.000000 0.000000 1.000000 1.000000 1.000000 -0.000000 -152.000000 -152.000000 -152.000000 
1.000000 1.000000 1.000000 1.000000 0.000000 0.000000 0.000000 0.000000 -478.000000 -478.000000 -478.000000 -478.000000 
0.000000 0.000000 0.000000 0.000000 1.000000 1.000000 1.000000 1.000000 -138.000000 -138.000000 -138.000000 -138.000000 
