0.010089 0.012648 -0.010659
1.030200 0.006860 -0.029772
0.003131 1.003040 -0.015017
0.016083 0.027302 0.986682
1.040249 0.032234 0.982111
0.009930 1.014695 0.995443
0.953329 0.957160 1.034815
0.242101 0.009021 -0.013045
0.410276 -0.004035 0.003722
0.609127 -0.016711 -0.001299
0.833237 0.011160 -0.033844
0.001137 0.204675 -0.007792
-0.000276 0.412747 -0.017247
0.000500 0.618538 -0.006508
-0.032251 0.779050 0.027421
0.019880 0.021306 0.166641
0.031289 0.030940 0.361733
0.013772 0.027237 0.567910
0.021460 0.009636 0.772255
0.224727 0.009836 0.996451
0.409435 0.005195 1.006875
0.566409 -0.014709 1.026887
0.779713 -0.006975 1.006098
0.027481 0.200990 0.988450
0.017433 0.396890 0.994247
-0.008742 0.578009 1.018462
-0.007611 0.789422 1.018439
