1.408824 -0.696745 0.398485
1.256422 -0.788777 0.725858
1.600304 -0.602192 0.761978
1.217185 -0.992784 0.819996
1.338264 -1.272021 0.873872
1.587114 -0.694486 1.137054
1.756914 -0.926953 1.155472
1.858201 -0.476215 1.344996
2.051774 -0.732093 1.337297
1.807709 -1.036308 1.332737
1.482674 -1.227953 0.939436
1.634566 -1.449044 0.947602
1.664006 -1.527696 1.181992
1.818590 -1.933546 0.965194
1.457632 -1.830419 0.584163
1.420455 -1.537758 0.537620
1.622276 -1.483701 0.799642
1.311114 -1.186713 0.519618
1.246857 -1.079293 0.193982
1.320240 -1.064040 0.421326
1.925882 -0.233880 0.400440
1.888949 -0.219131 0.148146
2.445799 -0.833921 1.338231
2.256152 -1.020052 1.346408
1.890890 -1.268303 1.389873
1.955074 -0.856326 1.235203
1.604630 -1.563751 0.953172
1.592640 -1.746441 0.880706
1.339511 -1.222346 0.758331
