108 349
110 365
112 381
114 395
122 414
128 432
132 445
161 488
190 510
237 513
266 494
169 460
194 450
182 456
207 454
215 452
232 457
247 458
183 468
208 462
194 459
222 458
223 477
204 433
220 422
185 421
181 398
222 396
213 345
205 281
305 297
217 326
234 325
264 311
296 315
284 332
236 336
257 340
259 351
233 344
218 354
272 343
246 349
173 352
157 348
129 351
169 333
130 331
115 331
150 332
189 254
184 272
322 383
326 321
282 259
244 230
158 509
189 563
178 544
153 535
242 370
145 371
143 356
247 318
323 349
317 286
222 310
247 272
