-3.009545 3.893158 -0.043506
-2.128895 1.994155 3.281134
-2.091368 2.165128 3.449965
-0.938046 2.127391 3.218860
0.519078 2.735691 -0.071790
1.136170 2.922969 0.014967
0.002406 3.003795 -0.572390
-2.218540 3.826385 -0.568499
-3.053943 2.859239 -2.062692
-3.166545 2.957991 -1.513027
-2.468295 3.678134 -1.323400
-1.618089 3.346711 3.488686
-0.965198 3.231815 3.521984
-1.279540 3.396649 3.617577
-1.686860 3.581363 3.696456
-0.677611 3.270533 3.626164
-0.949465 3.381141 3.729518
-0.884245 3.202679 3.457607
-1.492556 3.361331 3.505181
-1.633237 4.027657 3.802953
-1.741417 2.099048 1.534166
-0.543526 2.884172 0.272835
-0.813123 2.153215 -2.090679
-0.517996 2.382091 -1.496590
-2.370470 3.908192 -0.993085
-1.196028 2.892611 -0.843314
-1.872597 3.160555 -0.097327
-1.901383 3.394846 0.501582
0.470181 2.980771 0.517831
-1.941102 3.729319 0.622687
-2.660741 3.808370 -0.013188
-1.233890 2.882231 -0.145617
-1.691784 1.898517 3.233096
-1.591832 2.063551 3.402448
-1.734376 1.951150 3.357141
-1.549637 1.986303 3.305456
-2.013751 2.046336 3.369572
-2.158765 2.101635 3.376999
-1.860918 2.129369 3.519402
-1.747820 2.364945 3.619153
-3.154906 2.929153 -1.833369
-0.656953 2.238834 -1.754751
-0.129823 2.903653 -1.491015
0.888069 2.776442 -0.077874
0.328898 3.055128 0.413095
-2.393475 3.950960 0.431448
