-1.807972 1.728676 1.937719
-1.771718 1.484431 1.793021
-1.748096 1.345967 1.642121
-1.713715 1.205050 1.519573
-1.648234 1.102275 1.343213
-1.583764 0.818777 1.238455
-1.533671 1.358442 0.919272
-1.140021 1.938372 0.149485
-0.876050 1.313078 0.149605
-0.358931 1.762054 -0.109316
0.162635 2.490904 -0.248649
-1.143368 0.998527 0.850547
-0.947241 1.062508 0.932355
-1.042098 1.088893 0.860270
-0.825725 0.791474 0.970192
-0.726968 0.789384 0.978930
-0.536452 0.966323 0.851215
-0.365806 1.026643 0.803817
-1.012221 1.087452 0.725788
-0.785007 1.076762 0.783801
-0.923245 0.934673 0.872235
-0.620367 1.101632 0.799145
-0.615675 1.132244 0.587488
-0.870529 0.670082 1.223512
-0.672619 0.921097 1.244462
-1.014300 0.920139 1.276858
-1.060149 0.903213 1.522987
-0.642330 0.877594 1.521471
-0.793500 0.594449 2.106090
-0.883904 0.517031 2.745389
0.265101 1.009653 2.521969
-0.767318 0.530055 2.300233
-0.585795 0.633030 2.291893
-0.283986 0.565134 2.423206
0.106380 0.816028 2.346162
0.069271 1.044013 2.131384
-0.531329 0.716797 2.165064
-0.261456 0.945444 2.077881
-0.258783 1.005699 1.958258
-0.480606 1.243001 2.007881
-0.678789 0.902154 1.957831
-0.121444 0.957327 2.042881
-0.385524 1.040415 1.979696
-1.118875 1.172413 1.958592
-1.292809 1.230228 2.003388
-1.569724 1.521782 1.935005
-1.206184 0.593258 2.242075
-1.583426 0.833331 2.249505
-1.738105 1.245467 2.207726
-1.381127 0.748049 2.240782
-1.033849 0.348731 3.005634
-1.095704 0.345034 2.838504
0.986973 2.510841 1.191720
0.766272 1.666349 2.157458
-0.106676 0.604732 2.946206
-0.481475 0.642057 3.251326
-1.231897 1.619634 0.060986
-0.848520 2.092839 -0.871940
-0.967792 1.922841 -0.538802
-1.240990 1.964590 -0.423527
-0.454042 1.021819 1.764005
-1.429261 1.200612 1.766625
-1.441788 0.999535 1.961844
-0.477705 0.551335 2.366089
0.981957 2.319071 1.687886
0.438281 1.116007 2.634308
-0.719106 0.521971 2.455806
-0.487009 0.407915 2.821990
