0.002280 0.010422 -0.005737
0.996087 -0.007069 0.004629
-0.002284 0.990792 0.003866
-0.008765 -0.023300 1.006952
1.010496 0.013646 0.995430
0.005739 1.017255 0.996662
0.985115 0.975506 1.006207
0.985115 0.975506 1.006207
0.985115 0.975506 1.006207
0.985115 0.975506 1.006207
0.985115 0.975506 1.006207
0.985115 0.975506 1.006207
0.985115 0.975506 1.006207
0.985115 0.975506 1.006207
0.985115 0.975506 1.006207
0.985115 0.975506 1.006207
0.985115 0.975506 1.006207
0.985115 0.975506 1.006207
0.985115 0.975506 1.006207
0.985115 0.975506 1.006207
0.985115 0.975506 1.006207
0.985115 0.975506 1.006207
0.985115 0.975506 1.006207
0.985115 0.975506 1.006207
0.985115 0.975506 1.006207
0.985115 0.975506 1.006207
0.985115 0.975506 1.006207
0.985115 0.975506 1.006207
0.985115 0.975506 1.006207
