64 278
67 292
69 307
73 320
79 338
86 353
94 373
136 423
166 438
202 437
230 422
138 383
153 370
145 378
171 371
183 369
199 375
215 376
150 391
171 382
160 379
188 378
188 397
167 348
184 339
149 340
143 316
188 312
173 255
161 187
269 209
176 234
194 234
229 218
261 225
253 247
200 247
223 254
220 265
194 262
182 269
235 256
207 264
133 272
114 269
87 277
126 244
81 247
66 253
105 246
146 156
138 175
287 311
294 242
243 164
201 135
127 441
160 498
152 479
128 472
200 285
100 293
99 275
207 225
293 277
281 199
181 217
209 175
