12 12
0.000000 0.000000 0.000000 1.000000 0.000000 0.000000 0.000000 0.000000 -0.000000 -0.000000 -0.000000 -278.000000 
0.000000 0.000000 0.000000 0.000000 0.000000 0.000000 0.000000 1.000000 -0.000000 -0.000000 -0.000000 -254.000000 
13.500000 0.000000 0.000000 1.000000 0.000000 0.000000 0.000000 0.000000 -4792.500000 -0.000000 -0.000000 -355.000000 
0.000000 0.000000 0.000000 0.000000 13.500000 0.000000 0.000000 1.000000 -4482.000000 -0.000000 -0.000000 -332.000000 
0.000000 13.500000 0.000000 1.000000 0.000000 0.000000 0.000000 0.000000 -0.000000 -6871.500000 -0.000000 -509.000000 
0.000000 0.000000 0.000000 0.000000 0.000000 13.500000 0.000000 1.000000 -0.000000 -5535.000000 -0.000000 -410.000000 
0.000000 0.000000 13.500000 1.000000 0.000000 0.000000 0.000000 0.000000 -0.000000 -0.000000 -8977.500000 -665.000000 
0.000000 0.000000 0.000000 0.000000 0.000000 0.000000 13.500000 1.000000 -0.000000 -0.000000 -4468.500000 -331.000000 
10.600000 4.900000 0.000000 1.000000 0.000000 0.000000 0.000000 0.000000 -4579.200000 -2116.800000 -0.000000 -432.000000 
0.000000 0.000000 0.000000 0.000000 10.600000 4.900000 0.000000 1.000000 -5172.800000 -2391.200000 -0.000000 -488.000000 
13.500000 0.000000 3.100000 1.000000 0.000000 0.000000 0.000000 0.000000 -3753.000000 -0.000000 -861.800000 -278.000000 
0.000000 0.000000 0.000000 0.000000 13.500000 0.000000 3.100000 1.000000 -6561.000000 -0.000000 -1506.600000 -486.000000 
