12 12
0.000000 0.000000 0.000000 1.000000 0.000000 0.000000 0.000000 0.000000 -0.000000 -0.000000 -0.000000 -674.000000 
0.000000 0.000000 0.000000 0.000000 0.000000 0.000000 0.000000 1.000000 -0.000000 -0.000000 -0.000000 -172.000000 
13.500000 0.000000 0.000000 1.000000 0.000000 0.000000 0.000000 0.000000 -3375.000000 -0.000000 -0.000000 -250.000000 
0.000000 0.000000 0.000000 0.000000 13.500000 0.000000 0.000000 1.000000 -1309.500000 -0.000000 -0.000000 -97.000000 
0.000000 13.500000 0.000000 1.000000 0.000000 0.000000 0.000000 0.000000 -0.000000 -10030.500000 -0.000000 -743.000000 
0.000000 0.000000 0.000000 0.000000 0.000000 13.500000 0.000000 1.000000 -0.000000 -459.000000 -0.000000 -34.000000 
0.000000 0.000000 13.500000 1.000000 0.000000 0.000000 0.000000 0.000000 -0.000000 -0.000000 -8032.500000 -595.000000 
0.000000 0.000000 0.000000 0.000000 0.000000 0.000000 13.500000 1.000000 -0.000000 -0.000000 -6628.500000 -491.000000 
10.600000 4.900000 0.000000 1.000000 0.000000 0.000000 0.000000 0.000000 -4165.800000 -1925.700000 -0.000000 -393.000000 
0.000000 0.000000 0.000000 0.000000 10.600000 4.900000 0.000000 1.000000 -636.000000 -294.000000 -0.000000 -60.000000 
13.500000 0.000000 3.100000 1.000000 0.000000 0.000000 0.000000 0.000000 -3577.500000 -0.000000 -821.500000 -265.000000 
0.000000 0.000000 0.000000 0.000000 13.500000 0.000000 3.100000 1.000000 -2848.500000 -0.000000 -654.100000 -211.000000 
