0.000000 0.000000 0.000000 1.000000 0.000000 0.000000 0.000000 0.000000 -0.000000 -0.000000 -0.000000 -417.000000
0.000000 0.000000 0.000000 0.000000 0.000000 0.000000 0.000000 1.000000 -0.000000 -0.000000 -0.000000 -383.000000
1.000000 0.000000 0.000000 1.000000 0.000000 0.000000 0.000000 0.000000 -480.000000 -0.000000 -0.000000 -480.000000
0.000000 0.000000 0.000000 0.000000 1.000000 0.000000 0.000000 1.000000 -292.000000 -0.000000 -0.000000 -292.000000
0.000000 1.000000 0.000000 1.000000 0.000000 0.000000 0.000000 0.000000 -0.000000 -261.000000 -0.000000 -261.000000
0.000000 0.000000 0.000000 0.000000 0.000000 1.000000 0.000000 1.000000 -0.000000 -337.000000 -0.000000 -337.000000
0.000000 0.000000 1.000000 1.000000 0.000000 0.000000 0.000000 0.000000 -0.000000 -0.000000 -422.000000 -422.000000
0.000000 0.000000 0.000000 0.000000 0.000000 0.000000 1.000000 1.000000 -0.000000 -0.000000 -220.000000 -220.000000
1.000000 0.000000 1.000000 1.000000 0.000000 0.000000 0.000000 0.000000 -493.000000 -0.000000 -493.000000 -493.000000
0.000000 0.000000 0.000000 0.000000 1.000000 0.000000 1.000000 1.000000 -143.000000 -0.000000 -143.000000 -143.000000
0.000000 1.000000 1.000000 1.000000 0.000000 0.000000 0.000000 0.000000 -0.000000 -236.000000 -236.000000 -236.000000
0.000000 0.000000 0.000000 0.000000 0.000000 1.000000 1.000000 1.000000 -0.000000 -177.000000 -177.000000 -177.000000
1.000000 1.000000 1.000000 1.000000 0.000000 0.000000 0.000000 0.000000 -334.000000 -334.000000 -334.000000 -334.000000
0.000000 0.000000 0.000000 0.000000 1.000000 1.000000 1.000000 1.000000 -114.000000 -114.000000 -114.000000 -114.000000
