0.000000 0.000000 0.000000 1.000000 0.000000 0.000000 0.000000 0.000000 -0.000000 -0.000000 -0.000000 -324.000000
0.000000 0.000000 0.000000 0.000000 0.000000 0.000000 0.000000 1.000000 -0.000000 -0.000000 -0.000000 -341.000000
1.000000 0.000000 0.000000 1.000000 0.000000 0.000000 0.000000 0.000000 -454.000000 -0.000000 -0.000000 -454.000000
0.000000 0.000000 0.000000 0.000000 1.000000 0.000000 0.000000 1.000000 -281.000000 -0.000000 -0.000000 -281.000000
0.000000 1.000000 0.000000 1.000000 0.000000 0.000000 0.000000 0.000000 -0.000000 -238.000000 -0.000000 -238.000000
0.000000 0.000000 0.000000 0.000000 0.000000 1.000000 0.000000 1.000000 -0.000000 -266.000000 -0.000000 -266.000000
0.000000 0.000000 1.000000 1.000000 0.000000 0.000000 0.000000 0.000000 -0.000000 -0.000000 -310.000000 -310.000000
0.000000 0.000000 0.000000 0.000000 0.000000 0.000000 1.000000 1.000000 -0.000000 -0.000000 -173.000000 -173.000000
1.000000 0.000000 1.000000 1.000000 0.000000 0.000000 0.000000 0.000000 -469.000000 -0.000000 -469.000000 -469.000000
0.000000 0.000000 0.000000 0.000000 1.000000 0.000000 1.000000 1.000000 -125.000000 -0.000000 -125.000000 -125.000000
0.000000 1.000000 1.000000 1.000000 0.000000 0.000000 0.000000 0.000000 -0.000000 -213.000000 -213.000000 -213.000000
0.000000 0.000000 0.000000 0.000000 0.000000 1.000000 1.000000 1.000000 -0.000000 -117.000000 -117.000000 -117.000000
1.000000 1.000000 1.000000 1.000000 0.000000 0.000000 0.000000 0.000000 -358.000000 -358.000000 -358.000000 -358.000000
0.000000 0.000000 0.000000 0.000000 1.000000 1.000000 1.000000 1.000000 -81.000000 -81.000000 -81.000000 -81.000000
