0.000000 0.000000 0.000000 1.000000 0.000000 0.000000 0.000000 0.000000 -0.000000 -0.000000 -0.000000 -417.000000
0.000000 0.000000 0.000000 0.000000 0.000000 0.000000 0.000000 1.000000 -0.000000 -0.000000 -0.000000 -385.000000
1.000000 0.000000 0.000000 1.000000 0.000000 0.000000 0.000000 0.000000 -478.000000 -0.000000 -0.000000 -478.000000
0.000000 0.000000 0.000000 0.000000 1.000000 0.000000 0.000000 1.000000 -294.000000 -0.000000 -0.000000 -294.000000
0.000000 1.000000 0.000000 1.000000 0.000000 0.000000 0.000000 0.000000 -0.000000 -259.000000 -0.000000 -259.000000
0.000000 0.000000 0.000000 0.000000 0.000000 1.000000 0.000000 1.000000 -0.000000 -337.000000 -0.000000 -337.000000
0.000000 0.000000 1.000000 1.000000 0.000000 0.000000 0.000000 0.000000 -0.000000 -0.000000 -422.000000 -422.000000
0.000000 0.000000 0.000000 0.000000 0.000000 0.000000 1.000000 1.000000 -0.000000 -0.000000 -218.000000 -218.000000
1.000000 0.000000 1.000000 1.000000 0.000000 0.000000 0.000000 0.000000 -491.000000 -0.000000 -491.000000 -491.000000
0.000000 0.000000 0.000000 0.000000 1.000000 0.000000 1.000000 1.000000 -140.000000 -0.000000 -140.000000 -140.000000
0.000000 1.000000 1.000000 1.000000 0.000000 0.000000 0.000000 0.000000 -0.000000 -234.000000 -234.000000 -234.000000
0.000000 0.000000 0.000000 0.000000 0.000000 1.000000 1.000000 1.000000 -0.000000 -176.000000 -176.000000 -176.000000
1.000000 1.000000 1.000000 1.000000 0.000000 0.000000 0.000000 0.000000 -336.000000 -336.000000 -336.000000 -336.000000
0.000000 0.000000 0.000000 0.000000 1.000000 1.000000 1.000000 1.000000 -112.000000 -112.000000 -112.000000 -112.000000
