0.000000 0.000000 0.000000 1.000000 0.000000 0.000000 0.000000 0.000000 -0.000000 -0.000000 -0.000000 -420.000000 
0.000000 0.000000 0.000000 0.000000 0.000000 0.000000 0.000000 1.000000 -0.000000 -0.000000 -0.000000 -389.000000 
13.500000 0.000000 0.000000 1.000000 0.000000 0.000000 0.000000 0.000000 -2821.500000 -0.000000 -0.000000 -209.000000 
0.000000 0.000000 0.000000 0.000000 13.500000 0.000000 0.000000 1.000000 -2700.000000 -0.000000 -0.000000 -200.000000 
0.000000 13.500000 0.000000 1.000000 0.000000 0.000000 0.000000 0.000000 -0.000000 -9166.500000 -0.000000 -679.000000 
0.000000 0.000000 0.000000 0.000000 0.000000 13.500000 0.000000 1.000000 -0.000000 -3037.500000 -0.000000 -225.000000 
0.000000 0.000000 13.500000 1.000000 0.000000 0.000000 0.000000 0.000000 -0.000000 -0.000000 -5589.000000 -414.000000 
0.000000 0.000000 0.000000 0.000000 0.000000 0.000000 13.500000 1.000000 -0.000000 -0.000000 -7803.000000 -578.000000 
10.600000 4.900000 0.000000 1.000000 0.000000 0.000000 0.000000 0.000000 -3646.400146 -1685.599976 -0.000000 -344.000000 
0.000000 0.000000 0.000000 0.000000 10.600000 4.900000 0.000000 1.000000 -1939.800049 -896.700012 -0.000000 -183.000000 
13.500000 0.000000 3.100000 1.000000 0.000000 0.000000 0.000000 0.000000 -3024.000000 -0.000000 -694.399963 -224.000000 
0.000000 0.000000 0.000000 0.000000 13.500000 0.000000 3.100000 1.000000 -3739.500000 -0.000000 -858.699951 -277.000000 
