0.000000 1.000000 0.000000 1.000000 0.000000 0.000000 0.000000 0.000000 -0.000000 -239.000000 -0.000000 -239.000000 
0.000000 0.000000 0.000000 0.000000 0.000000 1.000000 0.000000 1.000000 -0.000000 -206.000000 -0.000000 -206.000000 
0.000000 0.000000 0.000000 1.000000 0.000000 0.000000 0.000000 0.000000 -0.000000 -0.000000 -0.000000 -264.000000 
0.000000 0.000000 0.000000 0.000000 0.000000 0.000000 0.000000 1.000000 -0.000000 -0.000000 -0.000000 -152.000000 
1.000000 1.000000 0.000000 1.000000 0.000000 0.000000 0.000000 0.000000 -128.000000 -128.000000 -0.000000 -128.000000 
0.000000 0.000000 0.000000 0.000000 1.000000 1.000000 0.000000 1.000000 -192.000000 -192.000000 -0.000000 -192.000000 
0.000000 1.000000 1.000000 1.000000 0.000000 0.000000 0.000000 0.000000 -0.000000 -233.000000 -233.000000 -233.000000 
0.000000 0.000000 0.000000 0.000000 0.000000 1.000000 1.000000 1.000000 -0.000000 -90.000000 -90.000000 -90.000000 
0.000000 0.000000 1.000000 1.000000 0.000000 0.000000 0.000000 0.000000 -0.000000 -0.000000 -262.000000 -262.000000 
0.000000 0.000000 0.000000 0.000000 0.000000 0.000000 1.000000 1.000000 -0.000000 -0.000000 -54.000000 -54.000000 
1.000000 1.000000 1.000000 1.000000 0.000000 0.000000 0.000000 0.000000 -106.000000 -106.000000 -106.000000 -106.000000 
0.000000 0.000000 0.000000 0.000000 1.000000 1.000000 1.000000 1.000000 -78.000000 -78.000000 -78.000000 -78.000000 
1.000000 0.000000 1.000000 1.000000 0.000000 0.000000 0.000000 0.000000 -162.000000 -0.000000 -162.000000 -162.000000 
0.000000 0.000000 0.000000 0.000000 1.000000 0.000000 1.000000 1.000000 -40.000000 -0.000000 -40.000000 -40.000000 
