0.000000 0.000000 0.000000 1.000000 0.000000 0.000000 0.000000 0.000000 -0.000000 -0.000000 -0.000000 -520.000000 
0.000000 0.000000 0.000000 0.000000 0.000000 0.000000 0.000000 1.000000 -0.000000 -0.000000 -0.000000 -212.000000 
1.000000 0.000000 0.000000 1.000000 0.000000 0.000000 0.000000 0.000000 -571.000000 -0.000000 -0.000000 -571.000000 
0.000000 0.000000 0.000000 0.000000 1.000000 0.000000 0.000000 1.000000 -181.000000 -0.000000 -0.000000 -181.000000 
0.000000 1.000000 0.000000 1.000000 0.000000 0.000000 0.000000 0.000000 -0.000000 -442.000000 -0.000000 -442.000000 
0.000000 0.000000 0.000000 0.000000 0.000000 1.000000 0.000000 1.000000 -0.000000 -179.000000 -0.000000 -179.000000 
0.000000 0.000000 1.000000 1.000000 0.000000 0.000000 0.000000 0.000000 -0.000000 -0.000000 -539.000000 -539.000000 
0.000000 0.000000 0.000000 0.000000 0.000000 0.000000 1.000000 1.000000 -0.000000 -0.000000 -114.000000 -114.000000 
1.000000 0.000000 1.000000 1.000000 0.000000 0.000000 0.000000 0.000000 -596.000000 -0.000000 -596.000000 -596.000000 
0.000000 0.000000 0.000000 0.000000 1.000000 0.000000 1.000000 1.000000 -90.000000 -0.000000 -90.000000 -90.000000 
0.000000 1.000000 1.000000 1.000000 0.000000 0.000000 0.000000 0.000000 -0.000000 -451.000000 -451.000000 -451.000000 
0.000000 0.000000 0.000000 0.000000 0.000000 1.000000 1.000000 1.000000 -0.000000 -92.000000 -92.000000 -92.000000 
1.000000 1.000000 1.000000 1.000000 0.000000 0.000000 0.000000 0.000000 -508.000000 -508.000000 -508.000000 -508.000000 
0.000000 0.000000 0.000000 0.000000 1.000000 1.000000 1.000000 1.000000 -71.000000 -71.000000 -71.000000 -71.000000 
