1.000000 1.000000 0.000000 1.000000 0.000000 0.000000 0.000000 0.000000 -288.000000 -288.000000 -0.000000 -288.000000 
0.000000 0.000000 0.000000 0.000000 1.000000 1.000000 0.000000 1.000000 -331.000000 -331.000000 -0.000000 -331.000000 
0.000000 1.000000 0.000000 1.000000 0.000000 0.000000 0.000000 0.000000 -0.000000 -367.000000 -0.000000 -367.000000 
0.000000 0.000000 0.000000 0.000000 0.000000 1.000000 0.000000 1.000000 -0.000000 -241.000000 -0.000000 -241.000000 
1.000000 0.000000 0.000000 1.000000 0.000000 0.000000 0.000000 0.000000 -145.000000 -0.000000 -0.000000 -145.000000 
0.000000 0.000000 0.000000 0.000000 1.000000 0.000000 0.000000 1.000000 -265.000000 -0.000000 -0.000000 -265.000000 
1.000000 1.000000 1.000000 1.000000 0.000000 0.000000 0.000000 0.000000 -286.000000 -286.000000 -286.000000 -286.000000 
0.000000 0.000000 0.000000 0.000000 1.000000 1.000000 1.000000 1.000000 -155.000000 -155.000000 -155.000000 -155.000000 
0.000000 1.000000 1.000000 1.000000 0.000000 0.000000 0.000000 0.000000 -0.000000 -388.000000 -388.000000 -388.000000 
0.000000 0.000000 0.000000 0.000000 0.000000 1.000000 1.000000 1.000000 -0.000000 -90.000000 -90.000000 -90.000000 
1.000000 0.000000 1.000000 1.000000 0.000000 0.000000 0.000000 0.000000 -117.000000 -0.000000 -117.000000 -117.000000 
0.000000 0.000000 0.000000 0.000000 1.000000 0.000000 1.000000 1.000000 -99.000000 -0.000000 -99.000000 -99.000000 
