1.000000 1.000000 0.000000 1.000000 0.000000 0.000000 0.000000 0.000000 -259.000000 -259.000000 -0.000000 -259.000000 
0.000000 0.000000 0.000000 0.000000 1.000000 1.000000 0.000000 1.000000 -346.000000 -346.000000 -0.000000 -346.000000 
0.000000 1.000000 0.000000 1.000000 0.000000 0.000000 0.000000 0.000000 -0.000000 -383.000000 -0.000000 -383.000000 
0.000000 0.000000 0.000000 0.000000 0.000000 1.000000 0.000000 1.000000 -0.000000 -296.000000 -0.000000 -296.000000 
1.000000 0.000000 0.000000 1.000000 0.000000 0.000000 0.000000 0.000000 -199.000000 -0.000000 -0.000000 -199.000000 
0.000000 0.000000 0.000000 0.000000 1.000000 0.000000 0.000000 1.000000 -267.000000 -0.000000 -0.000000 -267.000000 
1.000000 1.000000 1.000000 1.000000 0.000000 0.000000 0.000000 0.000000 -239.000000 -239.000000 -239.000000 -239.000000 
0.000000 0.000000 0.000000 0.000000 1.000000 1.000000 1.000000 1.000000 -204.000000 -204.000000 -204.000000 -204.000000 
0.000000 1.000000 1.000000 1.000000 0.000000 0.000000 0.000000 0.000000 -0.000000 -394.000000 -394.000000 -394.000000 
0.000000 0.000000 0.000000 0.000000 0.000000 1.000000 1.000000 1.000000 -0.000000 -165.000000 -165.000000 -165.000000 
1.000000 0.000000 1.000000 1.000000 0.000000 0.000000 0.000000 0.000000 -185.000000 -0.000000 -185.000000 -185.000000 
0.000000 0.000000 0.000000 0.000000 1.000000 0.000000 1.000000 1.000000 -142.000000 -0.000000 -142.000000 -142.000000 
