-1.293586 1.168899 -0.050906
-2.19509 1.456147 -0.445985
-1.939194 1.868046 0.318133
-1.172011 1.654808 0.813567
-1.02533 1.195967 0.449249
-1.50427 1.446244 1.307493
-1.334558 0.860629 1.32232
-1.049381 0.700118 0.808475
-1.554841 0.6779 -0.050018
-1.388884 0.369232 0.476498
-1.942842 0.268144 0.817471
-2.408777 0.568451 0.52753
-2.137504 0.84943 -0.068173
-1.870643 0.580837 1.325853
-2.277989 1.031188 1.335073
-2.595839 1.064091 0.825496
-2.259139 1.496088 0.1055
-2.54738 1.706093 0.665837
-2.172488 1.966368 0.961053
-1.63432 1.985603 0.629091
-1.7016 1.698319 0.099884
-2.052561 1.73026 1.462606
-1.442687 1.571307 1.422431
-1.187018 1.72035 0.897492
