0.012029 0.002062 0.009250
1.006036 0.003278 -0.017567
-0.051946 0.930156 0.044107
---
0.012029 0.002062 0.009250
1.006036 0.003278 -0.017567
0.994020 -0.018492 1.000422
---
0.012029 0.002062 0.009250
-0.051946 0.930156 0.044107
0.002710 0.008915 0.992518
---
0.012029 0.002062 0.009250
0.002710 0.008915 0.992518
0.994020 -0.018492 1.000422
---
1.006036 0.003278 -0.017567
-0.051946 0.930156 0.044107
1.030630 1.033357 0.046215
---
1.006036 0.003278 -0.017567
0.994020 -0.018492 1.000422
1.030630 1.033357 0.046215
---
-0.051946 0.930156 0.044107
0.002710 0.008915 0.992518
0.025476 1.031368 0.975291
---
-0.051946 0.930156 0.044107
0.025476 1.031368 0.975291
1.030630 1.033357 0.046215
---
0.002710 0.008915 0.992518
0.994020 -0.018492 1.000422
1.016010 1.002450 1.009479
---
0.002710 0.008915 0.992518
0.025476 1.031368 0.975291
1.016010 1.002450 1.009479
---
0.994020 -0.018492 1.000422
1.030630 1.033357 0.046215
1.016010 1.002450 1.009479
---
0.025476 1.031368 0.975291
1.030630 1.033357 0.046215
1.016010 1.002450 1.009479
---
