-1.293586 1.168899 -0.050906
-2.195090 1.456147 -0.445985
-1.939194 1.868046 0.318133
---
-1.293586 1.168899 -0.050906
-2.195090 1.456147 -0.445985
-1.554841 0.677900 -0.050018
---
-1.293586 1.168899 -0.050906
-2.195090 1.456147 -0.445985
-1.634320 1.985603 0.629091
---
-1.293586 1.168899 -0.050906
-2.195090 1.456147 -0.445985
-1.701600 1.698319 0.099884
---
-1.293586 1.168899 -0.050906
-1.939194 1.868046 0.318133
-1.172011 1.654808 0.813567
---
-1.293586 1.168899 -0.050906
-1.939194 1.868046 0.318133
-1.025330 1.195967 0.449249
---
-1.293586 1.168899 -0.050906
-1.939194 1.868046 0.318133
-1.634320 1.985603 0.629091
---
-1.293586 1.168899 -0.050906
-1.939194 1.868046 0.318133
-1.701600 1.698319 0.099884
---
-1.293586 1.168899 -0.050906
-1.939194 1.868046 0.318133
-1.187018 1.720350 0.897492
---
-1.293586 1.168899 -0.050906
-1.172011 1.654808 0.813567
-1.025330 1.195967 0.449249
---
-1.293586 1.168899 -0.050906
-1.172011 1.654808 0.813567
-1.634320 1.985603 0.629091
---
-1.293586 1.168899 -0.050906
-1.172011 1.654808 0.813567
-1.701600 1.698319 0.099884
---
-1.293586 1.168899 -0.050906
-1.025330 1.195967 0.449249
-1.049381 0.700118 0.808475
---
-1.293586 1.168899 -0.050906
-1.025330 1.195967 0.449249
-1.554841 0.677900 -0.050018
---
-1.293586 1.168899 -0.050906
-1.025330 1.195967 0.449249
-1.388884 0.369232 0.476498
---
-1.293586 1.168899 -0.050906
-1.025330 1.195967 0.449249
-1.634320 1.985603 0.629091
---
-1.293586 1.168899 -0.050906
-1.025330 1.195967 0.449249
-1.701600 1.698319 0.099884
---
-1.293586 1.168899 -0.050906
-1.025330 1.195967 0.449249
-1.187018 1.720350 0.897492
---
-1.293586 1.168899 -0.050906
-1.049381 0.700118 0.808475
-1.554841 0.677900 -0.050018
---
-1.293586 1.168899 -0.050906
-1.049381 0.700118 0.808475
-1.388884 0.369232 0.476498
---
-1.293586 1.168899 -0.050906
-1.554841 0.677900 -0.050018
-1.388884 0.369232 0.476498
---
-1.293586 1.168899 -0.050906
-1.634320 1.985603 0.629091
-1.701600 1.698319 0.099884
---
-1.293586 1.168899 -0.050906
-1.634320 1.985603 0.629091
-1.187018 1.720350 0.897492
---
-1.293586 1.168899 -0.050906
-1.701600 1.698319 0.099884
-1.187018 1.720350 0.897492
---
-2.195090 1.456147 -0.445985
-1.939194 1.868046 0.318133
-1.172011 1.654808 0.813567
---
-2.195090 1.456147 -0.445985
-1.939194 1.868046 0.318133
-2.259139 1.496088 0.105500
---
-2.195090 1.456147 -0.445985
-1.939194 1.868046 0.318133
-2.547380 1.706093 0.665837
---
-2.195090 1.456147 -0.445985
-1.939194 1.868046 0.318133
-2.172488 1.966368 0.961053
---
-2.195090 1.456147 -0.445985
-1.939194 1.868046 0.318133
-1.634320 1.985603 0.629091
---
-2.195090 1.456147 -0.445985
-1.939194 1.868046 0.318133
-1.701600 1.698319 0.099884
---
-2.195090 1.456147 -0.445985
-1.939194 1.868046 0.318133
-1.187018 1.720350 0.897492
---
-2.195090 1.456147 -0.445985
-1.172011 1.654808 0.813567
-1.187018 1.720350 0.897492
---
-2.195090 1.456147 -0.445985
-1.554841 0.677900 -0.050018
-2.137504 0.849430 -0.068173
---
-2.195090 1.456147 -0.445985
-2.408777 0.568451 0.527530
-2.137504 0.849430 -0.068173
---
-2.195090 1.456147 -0.445985
-2.408777 0.568451 0.527530
-2.595839 1.064091 0.825496
---
-2.195090 1.456147 -0.445985
-2.408777 0.568451 0.527530
-2.547380 1.706093 0.665837
---
-2.195090 1.456147 -0.445985
-2.137504 0.849430 -0.068173
-2.595839 1.064091 0.825496
---
-2.195090 1.456147 -0.445985
-2.595839 1.064091 0.825496
-2.259139 1.496088 0.105500
---
-2.195090 1.456147 -0.445985
-2.595839 1.064091 0.825496
-2.547380 1.706093 0.665837
---
-2.195090 1.456147 -0.445985
-2.259139 1.496088 0.105500
-2.172488 1.966368 0.961053
---
-2.195090 1.456147 -0.445985
-2.259139 1.496088 0.105500
-2.052561 1.730260 1.462606
---
-2.195090 1.456147 -0.445985
-2.547380 1.706093 0.665837
-2.172488 1.966368 0.961053
---
-2.195090 1.456147 -0.445985
-2.547380 1.706093 0.665837
-1.634320 1.985603 0.629091
---
-2.195090 1.456147 -0.445985
-2.172488 1.966368 0.961053
-1.634320 1.985603 0.629091
---
-2.195090 1.456147 -0.445985
-2.172488 1.966368 0.961053
-1.701600 1.698319 0.099884
---
-2.195090 1.456147 -0.445985
-1.634320 1.985603 0.629091
-1.701600 1.698319 0.099884
---
-1.939194 1.868046 0.318133
-1.172011 1.654808 0.813567
-1.025330 1.195967 0.449249
---
-1.939194 1.868046 0.318133
-1.172011 1.654808 0.813567
-1.634320 1.985603 0.629091
---
-1.939194 1.868046 0.318133
-1.172011 1.654808 0.813567
-1.701600 1.698319 0.099884
---
-1.939194 1.868046 0.318133
-1.025330 1.195967 0.449249
-1.634320 1.985603 0.629091
---
-1.939194 1.868046 0.318133
-1.025330 1.195967 0.449249
-1.701600 1.698319 0.099884
---
-1.939194 1.868046 0.318133
-1.025330 1.195967 0.449249
-1.187018 1.720350 0.897492
---
-1.939194 1.868046 0.318133
-2.259139 1.496088 0.105500
-2.547380 1.706093 0.665837
---
-1.939194 1.868046 0.318133
-2.259139 1.496088 0.105500
-2.172488 1.966368 0.961053
---
-1.939194 1.868046 0.318133
-2.259139 1.496088 0.105500
-1.634320 1.985603 0.629091
---
-1.939194 1.868046 0.318133
-2.259139 1.496088 0.105500
-1.701600 1.698319 0.099884
---
-1.939194 1.868046 0.318133
-2.547380 1.706093 0.665837
-2.172488 1.966368 0.961053
---
-1.939194 1.868046 0.318133
-2.547380 1.706093 0.665837
-1.634320 1.985603 0.629091
---
-1.939194 1.868046 0.318133
-2.172488 1.966368 0.961053
-1.634320 1.985603 0.629091
---
-1.939194 1.868046 0.318133
-2.172488 1.966368 0.961053
-1.701600 1.698319 0.099884
---
-1.939194 1.868046 0.318133
-1.634320 1.985603 0.629091
-1.701600 1.698319 0.099884
---
-1.939194 1.868046 0.318133
-1.634320 1.985603 0.629091
-2.052561 1.730260 1.462606
---
-1.939194 1.868046 0.318133
-1.634320 1.985603 0.629091
-1.187018 1.720350 0.897492
---
-1.939194 1.868046 0.318133
-1.701600 1.698319 0.099884
-1.187018 1.720350 0.897492
---
-1.172011 1.654808 0.813567
-1.025330 1.195967 0.449249
-1.504270 1.446244 1.307493
---
-1.172011 1.654808 0.813567
-1.025330 1.195967 0.449249
-1.334558 0.860629 1.322320
---
-1.172011 1.654808 0.813567
-1.025330 1.195967 0.449249
-1.049381 0.700118 0.808475
---
-1.172011 1.654808 0.813567
-1.025330 1.195967 0.449249
-1.634320 1.985603 0.629091
---
-1.172011 1.654808 0.813567
-1.025330 1.195967 0.449249
-1.701600 1.698319 0.099884
---
-1.172011 1.654808 0.813567
-1.025330 1.195967 0.449249
-1.442687 1.571307 1.422431
---
-1.172011 1.654808 0.813567
-1.504270 1.446244 1.307493
-1.334558 0.860629 1.322320
---
-1.172011 1.654808 0.813567
-1.504270 1.446244 1.307493
-1.049381 0.700118 0.808475
---
-1.172011 1.654808 0.813567
-1.504270 1.446244 1.307493
-1.634320 1.985603 0.629091
---
-1.172011 1.654808 0.813567
-1.504270 1.446244 1.307493
-2.052561 1.730260 1.462606
---
-1.172011 1.654808 0.813567
-1.504270 1.446244 1.307493
-1.442687 1.571307 1.422431
---
-1.172011 1.654808 0.813567
-1.334558 0.860629 1.322320
-1.049381 0.700118 0.808475
---
-1.172011 1.654808 0.813567
-1.334558 0.860629 1.322320
-1.442687 1.571307 1.422431
---
-1.172011 1.654808 0.813567
-1.334558 0.860629 1.322320
-1.187018 1.720350 0.897492
---
-1.172011 1.654808 0.813567
-1.049381 0.700118 0.808475
-1.442687 1.571307 1.422431
---
-1.172011 1.654808 0.813567
-1.942842 0.268144 0.817471
-1.187018 1.720350 0.897492
---
-1.172011 1.654808 0.813567
-2.137504 0.849430 -0.068173
-1.187018 1.720350 0.897492
---
-1.172011 1.654808 0.813567
-1.870643 0.580837 1.325853
-1.187018 1.720350 0.897492
---
-1.172011 1.654808 0.813567
-2.277989 1.031188 1.335073
-1.187018 1.720350 0.897492
---
-1.172011 1.654808 0.813567
-2.259139 1.496088 0.105500
-1.187018 1.720350 0.897492
---
-1.172011 1.654808 0.813567
-2.547380 1.706093 0.665837
-1.187018 1.720350 0.897492
---
-1.172011 1.654808 0.813567
-2.172488 1.966368 0.961053
-1.634320 1.985603 0.629091
---
-1.172011 1.654808 0.813567
-2.172488 1.966368 0.961053
-2.052561 1.730260 1.462606
---
-1.172011 1.654808 0.813567
-2.172488 1.966368 0.961053
-1.442687 1.571307 1.422431
---
-1.172011 1.654808 0.813567
-2.172488 1.966368 0.961053
-1.187018 1.720350 0.897492
---
-1.172011 1.654808 0.813567
-1.634320 1.985603 0.629091
-1.701600 1.698319 0.099884
---
-1.172011 1.654808 0.813567
-1.634320 1.985603 0.629091
-2.052561 1.730260 1.462606
---
-1.172011 1.654808 0.813567
-1.634320 1.985603 0.629091
-1.442687 1.571307 1.422431
---
-1.172011 1.654808 0.813567
-2.052561 1.730260 1.462606
-1.442687 1.571307 1.422431
---
-1.025330 1.195967 0.449249
-1.504270 1.446244 1.307493
-1.442687 1.571307 1.422431
---
-1.025330 1.195967 0.449249
-1.334558 0.860629 1.322320
-1.049381 0.700118 0.808475
---
-1.025330 1.195967 0.449249
-1.334558 0.860629 1.322320
-1.442687 1.571307 1.422431
---
-1.025330 1.195967 0.449249
-1.334558 0.860629 1.322320
-1.187018 1.720350 0.897492
---
-1.025330 1.195967 0.449249
-1.049381 0.700118 0.808475
-1.554841 0.677900 -0.050018
---
-1.025330 1.195967 0.449249
-1.049381 0.700118 0.808475
-1.388884 0.369232 0.476498
---
-1.025330 1.195967 0.449249
-1.049381 0.700118 0.808475
-1.442687 1.571307 1.422431
---
-1.025330 1.195967 0.449249
-1.049381 0.700118 0.808475
-1.187018 1.720350 0.897492
---
-1.025330 1.195967 0.449249
-1.554841 0.677900 -0.050018
-1.388884 0.369232 0.476498
---
-1.025330 1.195967 0.449249
-1.634320 1.985603 0.629091
-1.701600 1.698319 0.099884
---
-1.025330 1.195967 0.449249
-1.634320 1.985603 0.629091
-1.187018 1.720350 0.897492
---
-1.025330 1.195967 0.449249
-1.701600 1.698319 0.099884
-1.187018 1.720350 0.897492
---
-1.025330 1.195967 0.449249
-1.442687 1.571307 1.422431
-1.187018 1.720350 0.897492
---
-1.504270 1.446244 1.307493
-1.334558 0.860629 1.322320
-1.049381 0.700118 0.808475
---
-1.504270 1.446244 1.307493
-1.334558 0.860629 1.322320
-1.870643 0.580837 1.325853
---
-1.504270 1.446244 1.307493
-1.334558 0.860629 1.322320
-2.277989 1.031188 1.335073
---
-1.504270 1.446244 1.307493
-1.334558 0.860629 1.322320
-2.052561 1.730260 1.462606
---
-1.504270 1.446244 1.307493
-1.334558 0.860629 1.322320
-1.187018 1.720350 0.897492
---
-1.504270 1.446244 1.307493
-1.049381 0.700118 0.808475
-1.442687 1.571307 1.422431
---
-1.504270 1.446244 1.307493
-1.049381 0.700118 0.808475
-1.187018 1.720350 0.897492
---
-1.504270 1.446244 1.307493
-1.554841 0.677900 -0.050018
-1.442687 1.571307 1.422431
---
-1.504270 1.446244 1.307493
-1.388884 0.369232 0.476498
-1.442687 1.571307 1.422431
---
-1.504270 1.446244 1.307493
-2.137504 0.849430 -0.068173
-1.442687 1.571307 1.422431
---
-1.504270 1.446244 1.307493
-1.870643 0.580837 1.325853
-2.277989 1.031188 1.335073
---
-1.504270 1.446244 1.307493
-1.870643 0.580837 1.325853
-2.052561 1.730260 1.462606
---
-1.504270 1.446244 1.307493
-1.870643 0.580837 1.325853
-1.442687 1.571307 1.422431
---
-1.504270 1.446244 1.307493
-2.277989 1.031188 1.335073
-2.052561 1.730260 1.462606
---
-1.504270 1.446244 1.307493
-2.277989 1.031188 1.335073
-1.442687 1.571307 1.422431
---
-1.504270 1.446244 1.307493
-2.595839 1.064091 0.825496
-1.442687 1.571307 1.422431
---
-1.504270 1.446244 1.307493
-2.172488 1.966368 0.961053
-1.634320 1.985603 0.629091
---
-1.504270 1.446244 1.307493
-2.172488 1.966368 0.961053
-2.052561 1.730260 1.462606
---
-1.504270 1.446244 1.307493
-2.172488 1.966368 0.961053
-1.187018 1.720350 0.897492
---
-1.504270 1.446244 1.307493
-1.634320 1.985603 0.629091
-2.052561 1.730260 1.462606
---
-1.504270 1.446244 1.307493
-1.634320 1.985603 0.629091
-1.187018 1.720350 0.897492
---
-1.504270 1.446244 1.307493
-2.052561 1.730260 1.462606
-1.442687 1.571307 1.422431
---
-1.504270 1.446244 1.307493
-2.052561 1.730260 1.462606
-1.187018 1.720350 0.897492
---
-1.504270 1.446244 1.307493
-1.442687 1.571307 1.422431
-1.187018 1.720350 0.897492
---
-1.334558 0.860629 1.322320
-1.049381 0.700118 0.808475
-1.388884 0.369232 0.476498
---
-1.334558 0.860629 1.322320
-1.049381 0.700118 0.808475
-1.942842 0.268144 0.817471
---
-1.334558 0.860629 1.322320
-1.049381 0.700118 0.808475
-1.870643 0.580837 1.325853
---
-1.334558 0.860629 1.322320
-1.049381 0.700118 0.808475
-1.442687 1.571307 1.422431
---
-1.334558 0.860629 1.322320
-1.049381 0.700118 0.808475
-1.187018 1.720350 0.897492
---
-1.334558 0.860629 1.322320
-1.388884 0.369232 0.476498
-1.942842 0.268144 0.817471
---
-1.334558 0.860629 1.322320
-1.388884 0.369232 0.476498
-1.870643 0.580837 1.325853
---
-1.334558 0.860629 1.322320
-1.942842 0.268144 0.817471
-1.870643 0.580837 1.325853
---
-1.334558 0.860629 1.322320
-1.870643 0.580837 1.325853
-2.277989 1.031188 1.335073
---
-1.334558 0.860629 1.322320
-1.870643 0.580837 1.325853
-2.052561 1.730260 1.462606
---
-1.334558 0.860629 1.322320
-1.870643 0.580837 1.325853
-1.442687 1.571307 1.422431
---
-1.334558 0.860629 1.322320
-2.277989 1.031188 1.335073
-2.052561 1.730260 1.462606
---
-1.334558 0.860629 1.322320
-2.277989 1.031188 1.335073
-1.442687 1.571307 1.422431
---
-1.334558 0.860629 1.322320
-2.052561 1.730260 1.462606
-1.442687 1.571307 1.422431
---
-1.334558 0.860629 1.322320
-1.442687 1.571307 1.422431
-1.187018 1.720350 0.897492
---
-1.049381 0.700118 0.808475
-1.554841 0.677900 -0.050018
-1.388884 0.369232 0.476498
---
-1.049381 0.700118 0.808475
-1.388884 0.369232 0.476498
-1.942842 0.268144 0.817471
---
-1.049381 0.700118 0.808475
-1.388884 0.369232 0.476498
-1.870643 0.580837 1.325853
---
-1.049381 0.700118 0.808475
-1.942842 0.268144 0.817471
-1.870643 0.580837 1.325853
---
-1.049381 0.700118 0.808475
-1.442687 1.571307 1.422431
-1.187018 1.720350 0.897492
---
-1.554841 0.677900 -0.050018
-1.388884 0.369232 0.476498
-1.942842 0.268144 0.817471
---
-1.554841 0.677900 -0.050018
-1.388884 0.369232 0.476498
-2.408777 0.568451 0.527530
---
-1.554841 0.677900 -0.050018
-1.388884 0.369232 0.476498
-2.137504 0.849430 -0.068173
---
-1.554841 0.677900 -0.050018
-1.942842 0.268144 0.817471
-2.408777 0.568451 0.527530
---
-1.554841 0.677900 -0.050018
-1.942842 0.268144 0.817471
-2.137504 0.849430 -0.068173
---
-1.554841 0.677900 -0.050018
-2.408777 0.568451 0.527530
-2.137504 0.849430 -0.068173
---
-1.388884 0.369232 0.476498
-1.942842 0.268144 0.817471
-2.408777 0.568451 0.527530
---
-1.388884 0.369232 0.476498
-1.942842 0.268144 0.817471
-2.137504 0.849430 -0.068173
---
-1.388884 0.369232 0.476498
-1.942842 0.268144 0.817471
-1.870643 0.580837 1.325853
---
-1.388884 0.369232 0.476498
-2.408777 0.568451 0.527530
-2.137504 0.849430 -0.068173
---
-1.942842 0.268144 0.817471
-2.408777 0.568451 0.527530
-2.137504 0.849430 -0.068173
---
-1.942842 0.268144 0.817471
-2.408777 0.568451 0.527530
-1.870643 0.580837 1.325853
---
-1.942842 0.268144 0.817471
-2.408777 0.568451 0.527530
-2.277989 1.031188 1.335073
---
-1.942842 0.268144 0.817471
-2.408777 0.568451 0.527530
-2.595839 1.064091 0.825496
---
-1.942842 0.268144 0.817471
-1.870643 0.580837 1.325853
-2.277989 1.031188 1.335073
---
-1.942842 0.268144 0.817471
-1.870643 0.580837 1.325853
-2.595839 1.064091 0.825496
---
-1.942842 0.268144 0.817471
-2.277989 1.031188 1.335073
-2.595839 1.064091 0.825496
---
-2.408777 0.568451 0.527530
-2.137504 0.849430 -0.068173
-2.595839 1.064091 0.825496
---
-2.408777 0.568451 0.527530
-2.137504 0.849430 -0.068173
-2.259139 1.496088 0.105500
---
-2.408777 0.568451 0.527530
-1.870643 0.580837 1.325853
-2.277989 1.031188 1.335073
---
-2.408777 0.568451 0.527530
-1.870643 0.580837 1.325853
-2.595839 1.064091 0.825496
---
-2.408777 0.568451 0.527530
-2.277989 1.031188 1.335073
-2.595839 1.064091 0.825496
---
-2.408777 0.568451 0.527530
-2.595839 1.064091 0.825496
-2.547380 1.706093 0.665837
---
-2.137504 0.849430 -0.068173
-2.259139 1.496088 0.105500
-2.547380 1.706093 0.665837
---
-1.870643 0.580837 1.325853
-2.277989 1.031188 1.335073
-2.595839 1.064091 0.825496
---
-1.870643 0.580837 1.325853
-2.277989 1.031188 1.335073
-2.052561 1.730260 1.462606
---
-1.870643 0.580837 1.325853
-2.277989 1.031188 1.335073
-1.442687 1.571307 1.422431
---
-1.870643 0.580837 1.325853
-2.052561 1.730260 1.462606
-1.442687 1.571307 1.422431
---
-2.277989 1.031188 1.335073
-2.595839 1.064091 0.825496
-2.547380 1.706093 0.665837
---
-2.277989 1.031188 1.335073
-2.595839 1.064091 0.825496
-2.172488 1.966368 0.961053
---
-2.277989 1.031188 1.335073
-2.595839 1.064091 0.825496
-2.052561 1.730260 1.462606
---
-2.277989 1.031188 1.335073
-2.547380 1.706093 0.665837
-2.172488 1.966368 0.961053
---
-2.277989 1.031188 1.335073
-2.547380 1.706093 0.665837
-2.052561 1.730260 1.462606
---
-2.277989 1.031188 1.335073
-2.172488 1.966368 0.961053
-2.052561 1.730260 1.462606
---
-2.277989 1.031188 1.335073
-2.052561 1.730260 1.462606
-1.442687 1.571307 1.422431
---
-2.595839 1.064091 0.825496
-2.259139 1.496088 0.105500
-2.547380 1.706093 0.665837
---
-2.595839 1.064091 0.825496
-2.547380 1.706093 0.665837
-2.172488 1.966368 0.961053
---
-2.595839 1.064091 0.825496
-2.547380 1.706093 0.665837
-2.052561 1.730260 1.462606
---
-2.595839 1.064091 0.825496
-2.172488 1.966368 0.961053
-2.052561 1.730260 1.462606
---
-2.259139 1.496088 0.105500
-2.547380 1.706093 0.665837
-2.172488 1.966368 0.961053
---
-2.259139 1.496088 0.105500
-2.547380 1.706093 0.665837
-1.701600 1.698319 0.099884
---
-2.259139 1.496088 0.105500
-1.634320 1.985603 0.629091
-1.701600 1.698319 0.099884
---
-2.547380 1.706093 0.665837
-2.172488 1.966368 0.961053
-1.634320 1.985603 0.629091
---
-2.547380 1.706093 0.665837
-2.172488 1.966368 0.961053
-1.701600 1.698319 0.099884
---
-2.547380 1.706093 0.665837
-2.172488 1.966368 0.961053
-2.052561 1.730260 1.462606
---
-2.547380 1.706093 0.665837
-1.634320 1.985603 0.629091
-1.701600 1.698319 0.099884
---
-2.172488 1.966368 0.961053
-1.634320 1.985603 0.629091
-1.701600 1.698319 0.099884
---
-2.172488 1.966368 0.961053
-1.634320 1.985603 0.629091
-2.052561 1.730260 1.462606
---
-2.172488 1.966368 0.961053
-1.634320 1.985603 0.629091
-1.442687 1.571307 1.422431
---
-2.172488 1.966368 0.961053
-1.634320 1.985603 0.629091
-1.187018 1.720350 0.897492
---
-2.172488 1.966368 0.961053
-2.052561 1.730260 1.462606
-1.442687 1.571307 1.422431
---
-2.172488 1.966368 0.961053
-2.052561 1.730260 1.462606
-1.187018 1.720350 0.897492
---
-2.172488 1.966368 0.961053
-1.442687 1.571307 1.422431
-1.187018 1.720350 0.897492
---
-1.634320 1.985603 0.629091
-1.701600 1.698319 0.099884
-1.187018 1.720350 0.897492
---
-1.634320 1.985603 0.629091
-2.052561 1.730260 1.462606
-1.442687 1.571307 1.422431
---
-1.634320 1.985603 0.629091
-2.052561 1.730260 1.462606
-1.187018 1.720350 0.897492
---
-1.634320 1.985603 0.629091
-1.442687 1.571307 1.422431
-1.187018 1.720350 0.897492
---
-2.052561 1.730260 1.462606
-1.442687 1.571307 1.422431
-1.187018 1.720350 0.897492
---
