0.000000 1.000000 0.000000 1.000000 0.000000 0.000000 0.000000 0.000000 -0.000000 -457.000000 -0.000000 -457.000000 
0.000000 0.000000 0.000000 0.000000 0.000000 1.000000 0.000000 1.000000 -0.000000 -514.000000 -0.000000 -514.000000 
0.333333 1.000000 0.000000 1.000000 0.000000 0.000000 0.000000 0.000000 -139.999860 -420.000000 -0.000000 -420.000000 
0.000000 0.000000 0.000000 0.000000 0.333333 1.000000 0.000000 1.000000 -176.666490 -530.000000 -0.000000 -530.000000 
0.666666 1.000000 0.000000 1.000000 0.000000 0.000000 0.000000 0.000000 -241.999758 -363.000000 -0.000000 -363.000000 
0.000000 0.000000 0.000000 0.000000 0.666666 1.000000 0.000000 1.000000 -370.666296 -556.000000 -0.000000 -556.000000 
1.000000 1.000000 0.000000 1.000000 0.000000 0.000000 0.000000 0.000000 -304.000000 -304.000000 -0.000000 -304.000000 
0.000000 0.000000 0.000000 0.000000 1.000000 1.000000 0.000000 1.000000 -581.000000 -581.000000 -0.000000 -581.000000 
1.000000 0.666666 0.000000 1.000000 0.000000 0.000000 0.000000 0.000000 -258.000000 -171.999828 -0.000000 -258.000000 
0.000000 0.000000 0.000000 0.000000 1.000000 0.666666 0.000000 1.000000 -549.000000 -365.999634 -0.000000 -549.000000 
1.000000 0.333333 0.000000 1.000000 0.000000 0.000000 0.000000 0.000000 -222.000000 -73.999926 -0.000000 -222.000000 
0.000000 0.000000 0.000000 0.000000 1.000000 0.333333 0.000000 1.000000 -518.000000 -172.666494 -0.000000 -518.000000 
1.000000 0.000000 0.000000 1.000000 0.000000 0.000000 0.000000 0.000000 -190.000000 -0.000000 -0.000000 -190.000000 
0.000000 0.000000 0.000000 0.000000 1.000000 0.000000 0.000000 1.000000 -494.000000 -0.000000 -0.000000 -494.000000 
1.000000 0.000000 0.333333 1.000000 0.000000 0.000000 0.000000 0.000000 -190.000000 -0.000000 -63.333270 -190.000000 
0.000000 0.000000 0.000000 0.000000 1.000000 0.000000 0.333333 1.000000 -439.000000 -0.000000 -146.333187 -439.000000 
1.000000 0.000000 0.666666 1.000000 0.000000 0.000000 0.000000 0.000000 -192.000000 -0.000000 -127.999872 -192.000000 
0.000000 0.000000 0.000000 0.000000 1.000000 0.000000 0.666666 1.000000 -377.000000 -0.000000 -251.333082 -377.000000 
1.000000 0.000000 1.000000 1.000000 0.000000 0.000000 0.000000 0.000000 -194.000000 -0.000000 -194.000000 -194.000000 
0.000000 0.000000 0.000000 0.000000 1.000000 0.000000 1.000000 1.000000 -316.000000 -0.000000 -316.000000 -316.000000 
1.000000 0.333333 1.000000 1.000000 0.000000 0.000000 0.000000 0.000000 -223.000000 -74.333259 -223.000000 -223.000000 
0.000000 0.000000 0.000000 0.000000 1.000000 0.333333 1.000000 1.000000 -328.000000 -109.333224 -328.000000 -328.000000 
1.000000 0.666666 1.000000 1.000000 0.000000 0.000000 0.000000 0.000000 -261.000000 -173.999826 -261.000000 -261.000000 
0.000000 0.000000 0.000000 0.000000 1.000000 0.666666 1.000000 1.000000 -340.000000 -226.666440 -340.000000 -340.000000 
1.000000 1.000000 1.000000 1.000000 0.000000 0.000000 0.000000 0.000000 -304.000000 -304.000000 -304.000000 -304.000000 
0.000000 0.000000 0.000000 0.000000 1.000000 1.000000 1.000000 1.000000 -359.000000 -359.000000 -359.000000 -359.000000 
0.666667 1.000000 1.000000 1.000000 0.000000 0.000000 0.000000 0.000000 -240.666643 -361.000000 -361.000000 -361.000000 
0.000000 0.000000 0.000000 0.000000 0.666667 1.000000 1.000000 1.000000 -229.999977 -345.000000 -345.000000 -345.000000 
0.333333 1.000000 1.000000 1.000000 0.000000 0.000000 0.000000 0.000000 -138.999861 -417.000000 -417.000000 -417.000000 
0.000000 0.000000 0.000000 0.000000 0.333333 1.000000 1.000000 1.000000 -110.999889 -333.000000 -333.000000 -333.000000 
0.000000 1.000000 1.000000 1.000000 0.000000 0.000000 0.000000 0.000000 -0.000000 -458.000000 -458.000000 -458.000000 
0.000000 0.000000 0.000000 0.000000 0.000000 1.000000 1.000000 1.000000 -0.000000 -324.000000 -324.000000 -324.000000 
