0.000000 1.000000 0.000000 1.000000 0.000000 0.000000 0.000000 0.000000 -0.000000 -421.000000 -0.000000 -421.000000 
0.000000 0.000000 0.000000 0.000000 0.000000 1.000000 0.000000 1.000000 -0.000000 -505.000000 -0.000000 -505.000000 
0.333333 1.000000 0.000000 1.000000 0.000000 0.000000 0.000000 0.000000 -123.333210 -370.000000 -0.000000 -370.000000 
0.000000 0.000000 0.000000 0.000000 0.333333 1.000000 0.000000 1.000000 -174.333159 -523.000000 -0.000000 -523.000000 
0.666666 1.000000 0.000000 1.000000 0.000000 0.000000 0.000000 0.000000 -209.333124 -314.000000 -0.000000 -314.000000 
0.000000 0.000000 0.000000 0.000000 0.666666 1.000000 0.000000 1.000000 -361.999638 -543.000000 -0.000000 -543.000000 
1.000000 1.000000 0.000000 1.000000 0.000000 0.000000 0.000000 0.000000 -247.000000 -247.000000 -0.000000 -247.000000 
0.000000 0.000000 0.000000 0.000000 1.000000 1.000000 0.000000 1.000000 -563.000000 -563.000000 -0.000000 -563.000000 
1.000000 0.666666 0.000000 1.000000 0.000000 0.000000 0.000000 0.000000 -216.000000 -143.999856 -0.000000 -216.000000 
0.000000 0.000000 0.000000 0.000000 1.000000 0.666666 0.000000 1.000000 -529.000000 -352.666314 -0.000000 -529.000000 
1.000000 0.333333 0.000000 1.000000 0.000000 0.000000 0.000000 0.000000 -186.000000 -61.999938 -0.000000 -186.000000 
0.000000 0.000000 0.000000 0.000000 1.000000 0.333333 0.000000 1.000000 -497.000000 -165.666501 -0.000000 -497.000000 
1.000000 0.000000 0.000000 1.000000 0.000000 0.000000 0.000000 0.000000 -167.000000 -0.000000 -0.000000 -167.000000 
0.000000 0.000000 0.000000 0.000000 1.000000 0.000000 0.000000 1.000000 -476.000000 -0.000000 -0.000000 -476.000000 
1.000000 0.000000 0.333333 1.000000 0.000000 0.000000 0.000000 0.000000 -169.000000 -0.000000 -56.333277 -169.000000 
0.000000 0.000000 0.000000 0.000000 1.000000 0.000000 0.333333 1.000000 -423.000000 -0.000000 -140.999859 -423.000000 
1.000000 0.000000 0.666666 1.000000 0.000000 0.000000 0.000000 0.000000 -166.000000 -0.000000 -110.666556 -166.000000 
0.000000 0.000000 0.000000 0.000000 1.000000 0.000000 0.666666 1.000000 -362.000000 -0.000000 -241.333092 -362.000000 
1.000000 0.000000 1.000000 1.000000 0.000000 0.000000 0.000000 0.000000 -171.000000 -0.000000 -171.000000 -171.000000 
0.000000 0.000000 0.000000 0.000000 1.000000 0.000000 1.000000 1.000000 -302.000000 -0.000000 -302.000000 -302.000000 
1.000000 0.333333 1.000000 1.000000 0.000000 0.000000 0.000000 0.000000 -188.000000 -62.666604 -188.000000 -188.000000 
0.000000 0.000000 0.000000 0.000000 1.000000 0.333333 1.000000 1.000000 -315.000000 -104.999895 -315.000000 -315.000000 
1.000000 0.666666 1.000000 1.000000 0.000000 0.000000 0.000000 0.000000 -216.000000 -143.999856 -216.000000 -216.000000 
0.000000 0.000000 0.000000 0.000000 1.000000 0.666666 1.000000 1.000000 -330.000000 -219.999780 -330.000000 -330.000000 
1.000000 1.000000 1.000000 1.000000 0.000000 0.000000 0.000000 0.000000 -246.000000 -246.000000 -246.000000 -246.000000 
0.000000 0.000000 0.000000 0.000000 1.000000 1.000000 1.000000 1.000000 -348.000000 -348.000000 -348.000000 -348.000000 
0.666667 1.000000 1.000000 1.000000 0.000000 0.000000 0.000000 0.000000 -204.666646 -307.000000 -307.000000 -307.000000 
0.000000 0.000000 0.000000 0.000000 0.666667 1.000000 1.000000 1.000000 -224.666644 -337.000000 -337.000000 -337.000000 
0.333333 1.000000 1.000000 1.000000 0.000000 0.000000 0.000000 0.000000 -121.666545 -365.000000 -365.000000 -365.000000 
0.000000 0.000000 0.000000 0.000000 0.333333 1.000000 1.000000 1.000000 -108.999891 -327.000000 -327.000000 -327.000000 
0.000000 1.000000 1.000000 1.000000 0.000000 0.000000 0.000000 0.000000 -0.000000 -415.000000 -415.000000 -415.000000 
0.000000 0.000000 0.000000 0.000000 0.000000 1.000000 1.000000 1.000000 -0.000000 -316.000000 -316.000000 -316.000000 
