1.000000 0.000000 0.000000 1.000000 0.000000 0.000000 0.000000 0.000000 -438.000000 -0.000000 -0.000000 -438.000000 
0.000000 0.000000 0.000000 0.000000 1.000000 0.000000 0.000000 1.000000 -521.000000 -0.000000 -0.000000 -521.000000 
0.666666 0.000000 0.000000 1.000000 0.000000 0.000000 0.000000 0.000000 -259.999740 -0.000000 -0.000000 -390.000000 
0.000000 0.000000 0.000000 0.000000 0.666666 0.000000 0.000000 1.000000 -359.999640 -0.000000 -0.000000 -540.000000 
0.333333 0.000000 0.000000 1.000000 0.000000 0.000000 0.000000 0.000000 -108.999891 -0.000000 -0.000000 -327.000000 
0.000000 0.000000 0.000000 0.000000 0.333333 0.000000 0.000000 1.000000 -187.333146 -0.000000 -0.000000 -562.000000 
0.000000 0.000000 0.000000 1.000000 0.000000 0.000000 0.000000 0.000000 -0.000000 -0.000000 -0.000000 -258.000000 
0.000000 0.000000 0.000000 0.000000 0.000000 0.000000 0.000000 1.000000 -0.000000 -0.000000 -0.000000 -582.000000 
0.000000 0.333333 0.000000 1.000000 0.000000 0.000000 0.000000 0.000000 -0.000000 -75.333326 -0.000000 -226.000000 
0.000000 0.000000 0.000000 0.000000 0.000000 0.333333 0.000000 1.000000 -0.000000 -181.999982 -0.000000 -546.000000 
0.000000 0.666666 0.000000 1.000000 0.000000 0.000000 0.000000 0.000000 -0.000000 -130.666536 -0.000000 -196.000000 
0.000000 0.000000 0.000000 0.000000 0.000000 0.666666 0.000000 1.000000 -0.000000 -340.666326 -0.000000 -511.000000 
0.000000 1.000000 0.000000 1.000000 0.000000 0.000000 0.000000 0.000000 -0.000000 -176.000000 -0.000000 -176.000000 
0.000000 0.000000 0.000000 0.000000 0.000000 1.000000 0.000000 1.000000 -0.000000 -489.000000 -0.000000 -489.000000 
0.000000 1.000000 0.333333 1.000000 0.000000 0.000000 0.000000 0.000000 -0.000000 -180.000000 -59.999940 -180.000000 
0.000000 0.000000 0.000000 0.000000 0.000000 1.000000 0.333333 1.000000 -0.000000 -436.000000 -145.333188 -436.000000 
0.000000 1.000000 0.666667 1.000000 0.000000 0.000000 0.000000 0.000000 -0.000000 -179.000000 -119.333321 -179.000000 
0.000000 0.000000 0.000000 0.000000 0.000000 1.000000 0.666667 1.000000 -0.000000 -374.000000 -249.333308 -374.000000 
0.000000 1.000000 1.000000 1.000000 0.000000 0.000000 0.000000 0.000000 -0.000000 -179.000000 -179.000000 -179.000000 
0.000000 0.000000 0.000000 0.000000 0.000000 1.000000 1.000000 1.000000 -0.000000 -313.000000 -313.000000 -313.000000 
0.000000 0.666666 1.000000 1.000000 0.000000 0.000000 0.000000 0.000000 -0.000000 -132.666534 -199.000000 -199.000000 
0.000000 0.000000 0.000000 0.000000 0.000000 0.666666 1.000000 1.000000 -0.000000 -215.333118 -323.000000 -323.000000 
0.000000 0.333333 1.000000 1.000000 0.000000 0.000000 0.000000 0.000000 -0.000000 -75.333258 -226.000000 -226.000000 
0.000000 0.000000 0.000000 0.000000 0.000000 0.333333 1.000000 1.000000 -0.000000 -113.666553 -341.000000 -341.000000 
0.000000 0.000000 1.000000 1.000000 0.000000 0.000000 0.000000 0.000000 -0.000000 -0.000000 -261.000000 -261.000000 
0.000000 0.000000 0.000000 0.000000 0.000000 0.000000 1.000000 1.000000 -0.000000 -0.000000 -357.000000 -357.000000 
0.333333 0.000000 1.000000 1.000000 0.000000 0.000000 0.000000 0.000000 -106.999893 -0.000000 -321.000000 -321.000000 
0.000000 0.000000 0.000000 0.000000 0.333333 0.000000 1.000000 1.000000 -114.999885 -0.000000 -345.000000 -345.000000 
0.666666 0.000000 1.000000 1.000000 0.000000 0.000000 0.000000 0.000000 -253.999746 -0.000000 -381.000000 -381.000000 
0.000000 0.000000 0.000000 0.000000 0.666666 0.000000 1.000000 1.000000 -225.333108 -0.000000 -338.000000 -338.000000 
1.000000 0.000000 1.000000 1.000000 0.000000 0.000000 0.000000 0.000000 -435.000000 -0.000000 -435.000000 -435.000000 
0.000000 0.000000 0.000000 0.000000 1.000000 0.000000 1.000000 1.000000 -327.000000 -0.000000 -327.000000 -327.000000 
