1.000000 1.000000 0.000000 1.000000 0.000000 0.000000 0.000000 0.000000 -411.000000 -411.000000 -0.000000 -411.000000 
0.000000 0.000000 0.000000 0.000000 1.000000 1.000000 0.000000 1.000000 -483.000000 -483.000000 -0.000000 -483.000000 
1.000000 0.666666 0.000000 1.000000 0.000000 0.000000 0.000000 0.000000 -380.000000 -253.333080 -0.000000 -380.000000 
0.000000 0.000000 0.000000 0.000000 1.000000 0.666666 0.000000 1.000000 -509.000000 -339.332994 -0.000000 -509.000000 
1.000000 0.333330 0.000000 1.000000 0.000000 0.000000 0.000000 0.000000 -340.000000 -113.332200 -0.000000 -340.000000 
0.000000 0.000000 0.000000 0.000000 1.000000 0.333330 0.000000 1.000000 -539.000000 -179.664870 -0.000000 -539.000000 
1.000000 0.000000 0.000000 1.000000 0.000000 0.000000 0.000000 0.000000 -296.000000 -0.000000 -0.000000 -296.000000 
0.000000 0.000000 0.000000 0.000000 1.000000 0.000000 0.000000 1.000000 -569.000000 -0.000000 -0.000000 -569.000000 
0.666660 0.000000 0.000000 1.000000 0.000000 0.000000 0.000000 0.000000 -159.998400 -0.000000 -0.000000 -240.000000 
0.000000 0.000000 0.000000 0.000000 0.666660 0.000000 0.000000 1.000000 -362.663040 -0.000000 -0.000000 -544.000000 
0.333333 0.000000 0.000000 1.000000 0.000000 0.000000 0.000000 0.000000 -63.666603 -0.000000 -0.000000 -191.000000 
0.000000 0.000000 0.000000 0.000000 0.333333 0.000000 0.000000 1.000000 -173.999826 -0.000000 -0.000000 -522.000000 
0.000000 0.000000 0.000000 1.000000 0.000000 0.000000 0.000000 0.000000 -0.000000 -0.000000 -0.000000 -151.000000 
0.000000 0.000000 0.000000 0.000000 0.000000 0.000000 0.000000 1.000000 -0.000000 -0.000000 -0.000000 -499.000000 
0.000000 0.000000 0.333333 1.000000 0.000000 0.000000 0.000000 0.000000 -0.000000 -0.000000 -49.333284 -148.000000 
0.000000 0.000000 0.000000 0.000000 0.000000 0.000000 0.333333 1.000000 -0.000000 -0.000000 -147.333186 -442.000000 
0.000000 0.000000 0.666666 1.000000 0.000000 0.000000 0.000000 0.000000 -0.000000 -0.000000 -101.333232 -152.000000 
0.000000 0.000000 0.000000 0.000000 0.000000 0.000000 0.666666 1.000000 -0.000000 -0.000000 -250.666416 -376.000000 
0.000000 0.000000 1.000000 1.000000 0.000000 0.000000 0.000000 0.000000 -0.000000 -0.000000 -153.000000 -153.000000 
0.000000 0.000000 0.000000 0.000000 0.000000 0.000000 1.000000 1.000000 -0.000000 -0.000000 -315.000000 -315.000000 
0.333330 0.000000 1.000000 1.000000 0.000000 0.000000 0.000000 0.000000 -63.332700 -0.000000 -190.000000 -190.000000 
0.000000 0.000000 0.000000 0.000000 0.333330 0.000000 1.000000 1.000000 -108.998910 -0.000000 -327.000000 -327.000000 
0.666666 0.000000 1.000000 1.000000 0.000000 0.000000 0.000000 0.000000 -157.333176 -0.000000 -236.000000 -236.000000 
0.000000 0.000000 0.000000 0.000000 0.666666 0.000000 1.000000 1.000000 -223.999776 -0.000000 -336.000000 -336.000000 
1.000000 0.000000 1.000000 1.000000 0.000000 0.000000 0.000000 0.000000 -293.000000 -0.000000 -293.000000 -293.000000 
0.000000 0.000000 0.000000 0.000000 1.000000 0.000000 1.000000 1.000000 -349.000000 -0.000000 -349.000000 -349.000000 
1.000000 0.333330 1.000000 1.000000 0.000000 0.000000 0.000000 0.000000 -337.000000 -112.332210 -337.000000 -337.000000 
0.000000 0.000000 0.000000 0.000000 1.000000 0.333330 1.000000 1.000000 -335.000000 -111.665550 -335.000000 -335.000000 
1.000000 0.666660 1.000000 1.000000 0.000000 0.000000 0.000000 0.000000 -376.000000 -250.664160 -376.000000 -376.000000 
0.000000 0.000000 0.000000 0.000000 1.000000 0.666660 1.000000 1.000000 -319.000000 -212.664540 -319.000000 -319.000000 
1.000000 1.000000 1.000000 1.000000 0.000000 0.000000 0.000000 0.000000 -410.000000 -410.000000 -410.000000 -410.000000 
0.000000 0.000000 0.000000 0.000000 1.000000 1.000000 1.000000 1.000000 -307.000000 -307.000000 -307.000000 -307.000000 
