0.000000 1.000000 0.000000 1.000000 0.000000 0.000000 0.000000 0.000000 -0.000000 -429.000000 -0.000000 -429.000000 
0.000000 0.000000 0.000000 0.000000 0.000000 1.000000 0.000000 1.000000 -0.000000 -508.000000 -0.000000 -508.000000 
0.333333 1.000000 0.000000 1.000000 0.000000 0.000000 0.000000 0.000000 -131.999868 -396.000000 -0.000000 -396.000000 
0.000000 0.000000 0.000000 0.000000 0.333333 1.000000 0.000000 1.000000 -175.333158 -526.000000 -0.000000 -526.000000 
0.666666 1.000000 0.000000 1.000000 0.000000 0.000000 0.000000 0.000000 -235.333098 -353.000000 -0.000000 -353.000000 
0.000000 0.000000 0.000000 0.000000 0.666666 1.000000 0.000000 1.000000 -370.666296 -556.000000 -0.000000 -556.000000 
1.000000 1.000000 0.000000 1.000000 0.000000 0.000000 0.000000 0.000000 -303.000000 -303.000000 -0.000000 -303.000000 
0.000000 0.000000 0.000000 0.000000 1.000000 1.000000 0.000000 1.000000 -588.000000 -588.000000 -0.000000 -588.000000 
1.000000 0.666666 0.000000 1.000000 0.000000 0.000000 0.000000 0.000000 -249.000000 -165.999834 -0.000000 -249.000000 
0.000000 0.000000 0.000000 0.000000 1.000000 0.666666 0.000000 1.000000 -562.000000 -374.666292 -0.000000 -562.000000 
1.000000 0.333333 0.000000 1.000000 0.000000 0.000000 0.000000 0.000000 -200.000000 -66.666600 -0.000000 -200.000000 
0.000000 0.000000 0.000000 0.000000 1.000000 0.333333 0.000000 1.000000 -536.000000 -178.666488 -0.000000 -536.000000 
1.000000 0.000000 0.000000 1.000000 0.000000 0.000000 0.000000 0.000000 -161.000000 -0.000000 -0.000000 -161.000000 
0.000000 0.000000 0.000000 0.000000 1.000000 0.000000 0.000000 1.000000 -517.000000 -0.000000 -0.000000 -517.000000 
1.000000 0.000000 0.333333 1.000000 0.000000 0.000000 0.000000 0.000000 -158.000000 -0.000000 -52.666614 -158.000000 
0.000000 0.000000 0.000000 0.000000 1.000000 0.000000 0.333333 1.000000 -456.000000 -0.000000 -151.999848 -456.000000 
1.000000 0.000000 0.666666 1.000000 0.000000 0.000000 0.000000 0.000000 -160.000000 -0.000000 -106.666560 -160.000000 
0.000000 0.000000 0.000000 0.000000 1.000000 0.000000 0.666666 1.000000 -386.000000 -0.000000 -257.333076 -386.000000 
1.000000 0.000000 1.000000 1.000000 0.000000 0.000000 0.000000 0.000000 -162.000000 -0.000000 -162.000000 -162.000000 
0.000000 0.000000 0.000000 0.000000 1.000000 0.000000 1.000000 1.000000 -327.000000 -0.000000 -327.000000 -327.000000 
1.000000 0.333333 1.000000 1.000000 0.000000 0.000000 0.000000 0.000000 -203.000000 -67.666599 -203.000000 -203.000000 
0.000000 0.000000 0.000000 0.000000 1.000000 0.333333 1.000000 1.000000 -334.000000 -111.333222 -334.000000 -334.000000 
1.000000 0.666666 1.000000 1.000000 0.000000 0.000000 0.000000 0.000000 -246.000000 -163.999836 -246.000000 -246.000000 
0.000000 0.000000 0.000000 0.000000 1.000000 0.666666 1.000000 1.000000 -346.000000 -230.666436 -346.000000 -346.000000 
1.000000 1.000000 1.000000 1.000000 0.000000 0.000000 0.000000 0.000000 -304.000000 -304.000000 -304.000000 -304.000000 
0.000000 0.000000 0.000000 0.000000 1.000000 1.000000 1.000000 1.000000 -360.000000 -360.000000 -360.000000 -360.000000 
0.666667 1.000000 1.000000 1.000000 0.000000 0.000000 0.000000 0.000000 -232.666643 -349.000000 -349.000000 -349.000000 
0.000000 0.000000 0.000000 0.000000 0.666667 1.000000 1.000000 1.000000 -229.333310 -344.000000 -344.000000 -344.000000 
0.333333 1.000000 1.000000 1.000000 0.000000 0.000000 0.000000 0.000000 -129.999870 -390.000000 -390.000000 -390.000000 
0.000000 0.000000 0.000000 0.000000 0.333333 1.000000 1.000000 1.000000 -110.999889 -333.000000 -333.000000 -333.000000 
0.000000 1.000000 1.000000 1.000000 0.000000 0.000000 0.000000 0.000000 -0.000000 -426.000000 -426.000000 -426.000000 
0.000000 0.000000 0.000000 0.000000 0.000000 1.000000 1.000000 1.000000 -0.000000 -316.000000 -316.000000 -316.000000 
