0.000000 0.000000 0.000000 1.000000 0.000000 0.000000 0.000000 0.000000 -0.000000 -0.000000 -0.000000 -450.000000 
0.000000 0.000000 0.000000 0.000000 0.000000 0.000000 0.000000 1.000000 -0.000000 -0.000000 -0.000000 -523.000000 
0.000000 0.333333 0.000000 1.000000 0.000000 0.000000 0.000000 0.000000 -0.000000 -136.666530 -0.000000 -410.000000 
0.000000 0.000000 0.000000 0.000000 0.000000 0.333333 0.000000 1.000000 -0.000000 -180.666486 -0.000000 -542.000000 
0.000000 0.666660 0.000000 1.000000 0.000000 0.000000 0.000000 0.000000 -0.000000 -238.664280 -0.000000 -358.000000 
0.000000 0.000000 0.000000 0.000000 0.000000 0.666660 0.000000 1.000000 -0.000000 -373.996260 -0.000000 -561.000000 
0.000000 1.000000 0.000000 1.000000 0.000000 0.000000 0.000000 0.000000 -0.000000 -291.000000 -0.000000 -291.000000 
0.000000 0.000000 0.000000 0.000000 0.000000 1.000000 0.000000 1.000000 -0.000000 -590.000000 -0.000000 -590.000000 
0.333333 1.000000 0.000000 1.000000 0.000000 0.000000 0.000000 0.000000 -81.333252 -244.000000 -0.000000 -244.000000 
0.000000 0.000000 0.000000 0.000000 0.333333 1.000000 0.000000 1.000000 -185.666481 -557.000000 -0.000000 -557.000000 
0.666666 1.000000 0.000000 1.000000 0.000000 0.000000 0.000000 0.000000 -139.999860 -210.000000 -0.000000 -210.000000 
0.000000 0.000000 0.000000 0.000000 0.666666 1.000000 0.000000 1.000000 -351.332982 -527.000000 -0.000000 -527.000000 
1.000000 1.000000 0.000000 1.000000 0.000000 0.000000 0.000000 0.000000 -180.000000 -180.000000 -0.000000 -180.000000 
0.000000 0.000000 0.000000 0.000000 1.000000 1.000000 0.000000 1.000000 -502.000000 -502.000000 -0.000000 -502.000000 
1.000000 1.000000 0.333333 1.000000 0.000000 0.000000 0.000000 0.000000 -182.000000 -182.000000 -60.666606 -182.000000 
0.000000 0.000000 0.000000 0.000000 1.000000 1.000000 0.333333 1.000000 -448.000000 -448.000000 -149.333184 -448.000000 
1.000000 1.000000 0.666666 1.000000 0.000000 0.000000 0.000000 0.000000 -183.000000 -183.000000 -121.999878 -183.000000 
0.000000 0.000000 0.000000 0.000000 1.000000 1.000000 0.666666 1.000000 -379.000000 -379.000000 -252.666414 -379.000000 
1.000000 1.000000 1.000000 1.000000 0.000000 0.000000 0.000000 0.000000 -183.000000 -183.000000 -183.000000 -183.000000 
0.000000 0.000000 0.000000 0.000000 1.000000 1.000000 1.000000 1.000000 -322.000000 -322.000000 -322.000000 -322.000000 
0.666667 1.000000 1.000000 1.000000 0.000000 0.000000 0.000000 0.000000 -140.666653 -211.000000 -211.000000 -211.000000 
0.000000 0.000000 0.000000 0.000000 0.666667 1.000000 1.000000 1.000000 -221.333311 -332.000000 -332.000000 -332.000000 
0.333333 1.000000 1.000000 1.000000 0.000000 0.000000 0.000000 0.000000 -81.999918 -246.000000 -246.000000 -246.000000 
0.000000 0.000000 0.000000 0.000000 0.333333 1.000000 1.000000 1.000000 -114.666552 -344.000000 -344.000000 -344.000000 
0.000000 1.000000 1.000000 1.000000 0.000000 0.000000 0.000000 0.000000 -0.000000 -295.000000 -295.000000 -295.000000 
0.000000 0.000000 0.000000 0.000000 0.000000 1.000000 1.000000 1.000000 -0.000000 -365.000000 -365.000000 -365.000000 
0.000000 0.666666 1.000000 1.000000 0.000000 0.000000 0.000000 0.000000 -0.000000 -232.666434 -349.000000 -349.000000 
0.000000 0.000000 0.000000 0.000000 0.000000 0.666666 1.000000 1.000000 -0.000000 -235.999764 -354.000000 -354.000000 
0.000000 0.333333 1.000000 1.000000 0.000000 0.000000 0.000000 0.000000 -0.000000 -133.666533 -401.000000 -401.000000 
0.000000 0.000000 0.000000 0.000000 0.000000 0.333333 1.000000 1.000000 -0.000000 -112.999887 -339.000000 -339.000000 
0.000000 0.000000 1.000000 1.000000 0.000000 0.000000 0.000000 0.000000 -0.000000 -0.000000 -450.000000 -450.000000 
0.000000 0.000000 0.000000 0.000000 0.000000 0.000000 1.000000 1.000000 -0.000000 -0.000000 -329.000000 -329.000000 
