0.000000 0.000000 0.000000 1.000000 0.000000 0.000000 0.000000 0.000000 -0.000000 -0.000000 -0.000000 -443.000000 
0.000000 0.000000 0.000000 0.000000 0.000000 0.000000 0.000000 1.000000 -0.000000 -0.000000 -0.000000 -492.000000 
0.000000 0.333333 0.000000 1.000000 0.000000 0.000000 0.000000 0.000000 -0.000000 -139.333194 -0.000000 -418.000000 
0.000000 0.000000 0.000000 0.000000 0.000000 0.333333 0.000000 1.000000 -0.000000 -171.666495 -0.000000 -515.000000 
0.000000 0.666660 0.000000 1.000000 0.000000 0.000000 0.000000 0.000000 -0.000000 -254.664120 -0.000000 -382.000000 
0.000000 0.000000 0.000000 0.000000 0.000000 0.666660 0.000000 1.000000 -0.000000 -361.329720 -0.000000 -542.000000 
0.000000 1.000000 0.000000 1.000000 0.000000 0.000000 0.000000 0.000000 -0.000000 -337.000000 -0.000000 -337.000000 
0.000000 0.000000 0.000000 0.000000 0.000000 1.000000 0.000000 1.000000 -0.000000 -580.000000 -0.000000 -580.000000 
0.333333 1.000000 0.000000 1.000000 0.000000 0.000000 0.000000 0.000000 -92.333241 -277.000000 -0.000000 -277.000000 
0.000000 0.000000 0.000000 0.000000 0.333333 1.000000 0.000000 1.000000 -184.999815 -555.000000 -0.000000 -555.000000 
0.666666 1.000000 0.000000 1.000000 0.000000 0.000000 0.000000 0.000000 -147.999852 -222.000000 -0.000000 -222.000000 
0.000000 0.000000 0.000000 0.000000 0.666666 1.000000 0.000000 1.000000 -355.999644 -534.000000 -0.000000 -534.000000 
1.000000 1.000000 0.000000 1.000000 0.000000 0.000000 0.000000 0.000000 -181.000000 -181.000000 -0.000000 -181.000000 
0.000000 0.000000 0.000000 0.000000 1.000000 1.000000 0.000000 1.000000 -512.000000 -512.000000 -0.000000 -512.000000 
1.000000 1.000000 0.333333 1.000000 0.000000 0.000000 0.000000 0.000000 -180.000000 -180.000000 -59.999940 -180.000000 
0.000000 0.000000 0.000000 0.000000 1.000000 1.000000 0.333333 1.000000 -453.000000 -453.000000 -150.999849 -453.000000 
1.000000 1.000000 0.666666 1.000000 0.000000 0.000000 0.000000 0.000000 -180.000000 -180.000000 -119.999880 -180.000000 
0.000000 0.000000 0.000000 0.000000 1.000000 1.000000 0.666666 1.000000 -388.000000 -388.000000 -258.666408 -388.000000 
1.000000 1.000000 1.000000 1.000000 0.000000 0.000000 0.000000 0.000000 -181.000000 -181.000000 -181.000000 -181.000000 
0.000000 0.000000 0.000000 0.000000 1.000000 1.000000 1.000000 1.000000 -321.000000 -321.000000 -321.000000 -321.000000 
0.666667 1.000000 1.000000 1.000000 0.000000 0.000000 0.000000 0.000000 -151.333318 -227.000000 -227.000000 -227.000000 
0.000000 0.000000 0.000000 0.000000 0.666667 1.000000 1.000000 1.000000 -222.666644 -334.000000 -334.000000 -334.000000 
0.333333 1.000000 1.000000 1.000000 0.000000 0.000000 0.000000 0.000000 -92.666574 -278.000000 -278.000000 -278.000000 
0.000000 0.000000 0.000000 0.000000 0.333333 1.000000 1.000000 1.000000 -113.333220 -340.000000 -340.000000 -340.000000 
0.000000 1.000000 1.000000 1.000000 0.000000 0.000000 0.000000 0.000000 -0.000000 -344.000000 -344.000000 -344.000000 
0.000000 0.000000 0.000000 0.000000 0.000000 1.000000 1.000000 1.000000 -0.000000 -356.000000 -356.000000 -356.000000 
0.000000 0.666666 1.000000 1.000000 0.000000 0.000000 0.000000 0.000000 -0.000000 -248.666418 -373.000000 -373.000000 
0.000000 0.000000 0.000000 0.000000 0.000000 0.666666 1.000000 1.000000 -0.000000 -225.333108 -338.000000 -338.000000 
0.000000 0.333333 1.000000 1.000000 0.000000 0.000000 0.000000 0.000000 -0.000000 -138.666528 -416.000000 -416.000000 
0.000000 0.000000 0.000000 0.000000 0.000000 0.333333 1.000000 1.000000 -0.000000 -107.999892 -324.000000 -324.000000 
0.000000 0.000000 1.000000 1.000000 0.000000 0.000000 0.000000 0.000000 -0.000000 -0.000000 -441.000000 -441.000000 
0.000000 0.000000 0.000000 0.000000 0.000000 0.000000 1.000000 1.000000 -0.000000 -0.000000 -313.000000 -313.000000 
