0.000000 1.000000 0.000000 1.000000 0.000000 0.000000 0.000000 0.000000 -0.000000 -437.000000 -0.000000 -437.000000 
0.000000 0.000000 0.000000 0.000000 0.000000 1.000000 0.000000 1.000000 -0.000000 -528.000000 -0.000000 -528.000000 
0.333333 1.000000 0.000000 1.000000 0.000000 0.000000 0.000000 0.000000 -125.999874 -378.000000 -0.000000 -378.000000 
0.000000 0.000000 0.000000 0.000000 0.333333 1.000000 0.000000 1.000000 -182.333151 -547.000000 -0.000000 -547.000000 
0.666666 1.000000 0.000000 1.000000 0.000000 0.000000 0.000000 0.000000 -207.999792 -312.000000 -0.000000 -312.000000 
0.000000 0.000000 0.000000 0.000000 0.666666 1.000000 0.000000 1.000000 -373.332960 -560.000000 -0.000000 -560.000000 
1.000000 1.000000 0.000000 1.000000 0.000000 0.000000 0.000000 0.000000 -241.000000 -241.000000 -0.000000 -241.000000 
0.000000 0.000000 0.000000 0.000000 1.000000 1.000000 0.000000 1.000000 -572.000000 -572.000000 -0.000000 -572.000000 
1.000000 0.666666 0.000000 1.000000 0.000000 0.000000 0.000000 0.000000 -220.000000 -146.666520 -0.000000 -220.000000 
0.000000 0.000000 0.000000 0.000000 1.000000 0.666666 0.000000 1.000000 -531.000000 -353.999646 -0.000000 -531.000000 
1.000000 0.333333 0.000000 1.000000 0.000000 0.000000 0.000000 0.000000 -207.000000 -68.999931 -0.000000 -207.000000 
0.000000 0.000000 0.000000 0.000000 1.000000 0.333333 0.000000 1.000000 -507.000000 -168.999831 -0.000000 -507.000000 
1.000000 0.000000 0.000000 1.000000 0.000000 0.000000 0.000000 0.000000 -198.000000 -0.000000 -0.000000 -198.000000 
0.000000 0.000000 0.000000 0.000000 1.000000 0.000000 0.000000 1.000000 -492.000000 -0.000000 -0.000000 -492.000000 
1.000000 0.000000 0.333333 1.000000 0.000000 0.000000 0.000000 0.000000 -197.000000 -0.000000 -65.666601 -197.000000 
0.000000 0.000000 0.000000 0.000000 1.000000 0.000000 0.333333 1.000000 -450.000000 -0.000000 -149.999850 -450.000000 
1.000000 0.000000 0.666666 1.000000 0.000000 0.000000 0.000000 0.000000 -193.000000 -0.000000 -128.666538 -193.000000 
0.000000 0.000000 0.000000 0.000000 1.000000 0.000000 0.666666 1.000000 -379.000000 -0.000000 -252.666414 -379.000000 
1.000000 0.000000 1.000000 1.000000 0.000000 0.000000 0.000000 0.000000 -191.000000 -0.000000 -191.000000 -191.000000 
0.000000 0.000000 0.000000 0.000000 1.000000 0.000000 1.000000 1.000000 -325.000000 -0.000000 -325.000000 -325.000000 
1.000000 0.333333 1.000000 1.000000 0.000000 0.000000 0.000000 0.000000 -202.000000 -67.333266 -202.000000 -202.000000 
0.000000 0.000000 0.000000 0.000000 1.000000 0.333333 1.000000 1.000000 -330.000000 -109.999890 -330.000000 -330.000000 
1.000000 0.666666 1.000000 1.000000 0.000000 0.000000 0.000000 0.000000 -215.000000 -143.333190 -215.000000 -215.000000 
0.000000 0.000000 0.000000 0.000000 1.000000 0.666666 1.000000 1.000000 -347.000000 -231.333102 -347.000000 -347.000000 
1.000000 1.000000 1.000000 1.000000 0.000000 0.000000 0.000000 0.000000 -228.000000 -228.000000 -228.000000 -228.000000 
0.000000 0.000000 0.000000 0.000000 1.000000 1.000000 1.000000 1.000000 -361.000000 -361.000000 -361.000000 -361.000000 
0.666667 1.000000 1.000000 1.000000 0.000000 0.000000 0.000000 0.000000 -199.333313 -299.000000 -299.000000 -299.000000 
0.000000 0.000000 0.000000 0.000000 0.666667 1.000000 1.000000 1.000000 -236.666643 -355.000000 -355.000000 -355.000000 
0.333333 1.000000 1.000000 1.000000 0.000000 0.000000 0.000000 0.000000 -121.666545 -365.000000 -365.000000 -365.000000 
0.000000 0.000000 0.000000 0.000000 0.333333 1.000000 1.000000 1.000000 -115.666551 -347.000000 -347.000000 -347.000000 
0.000000 1.000000 1.000000 1.000000 0.000000 0.000000 0.000000 0.000000 -0.000000 -428.000000 -428.000000 -428.000000 
0.000000 0.000000 0.000000 0.000000 0.000000 1.000000 1.000000 1.000000 -0.000000 -337.000000 -337.000000 -337.000000 
