1.000000 0.000000 0.000000 1.000000 0.000000 0.000000 0.000000 0.000000 -424.000000 -0.000000 -0.000000 -424.000000 
0.000000 0.000000 0.000000 0.000000 1.000000 0.000000 0.000000 1.000000 -513.000000 -0.000000 -0.000000 -513.000000 
0.666666 0.000000 0.000000 1.000000 0.000000 0.000000 0.000000 0.000000 -254.666412 -0.000000 -0.000000 -382.000000 
0.000000 0.000000 0.000000 0.000000 0.666666 0.000000 0.000000 1.000000 -355.332978 -0.000000 -0.000000 -533.000000 
0.333333 0.000000 0.000000 1.000000 0.000000 0.000000 0.000000 0.000000 -110.666556 -0.000000 -0.000000 -332.000000 
0.000000 0.000000 0.000000 0.000000 0.333333 0.000000 0.000000 1.000000 -184.333149 -0.000000 -0.000000 -553.000000 
0.000000 0.000000 0.000000 1.000000 0.000000 0.000000 0.000000 0.000000 -0.000000 -0.000000 -0.000000 -271.000000 
0.000000 0.000000 0.000000 0.000000 0.000000 0.000000 0.000000 1.000000 -0.000000 -0.000000 -0.000000 -579.000000 
0.000000 0.333333 0.000000 1.000000 0.000000 0.000000 0.000000 0.000000 -0.000000 -77.333326 -0.000000 -232.000000 
0.000000 0.000000 0.000000 0.000000 0.000000 0.333333 0.000000 1.000000 -0.000000 -183.999982 -0.000000 -552.000000 
0.000000 0.666666 0.000000 1.000000 0.000000 0.000000 0.000000 0.000000 -0.000000 -131.999868 -0.000000 -198.000000 
0.000000 0.000000 0.000000 0.000000 0.000000 0.666666 0.000000 1.000000 -0.000000 -351.332982 -0.000000 -527.000000 
0.000000 1.000000 0.000000 1.000000 0.000000 0.000000 0.000000 0.000000 -0.000000 -170.000000 -0.000000 -170.000000 
0.000000 0.000000 0.000000 0.000000 0.000000 1.000000 0.000000 1.000000 -0.000000 -507.000000 -0.000000 -507.000000 
0.000000 1.000000 0.333333 1.000000 0.000000 0.000000 0.000000 0.000000 -0.000000 -168.000000 -55.999944 -168.000000 
0.000000 0.000000 0.000000 0.000000 0.000000 1.000000 0.333333 1.000000 -0.000000 -455.000000 -151.666515 -455.000000 
0.000000 1.000000 0.666667 1.000000 0.000000 0.000000 0.000000 0.000000 -0.000000 -166.000000 -110.666656 -166.000000 
0.000000 0.000000 0.000000 0.000000 0.000000 1.000000 0.666667 1.000000 -0.000000 -394.000000 -262.666640 -394.000000 
0.000000 1.000000 1.000000 1.000000 0.000000 0.000000 0.000000 0.000000 -0.000000 -162.000000 -162.000000 -162.000000 
0.000000 0.000000 0.000000 0.000000 0.000000 1.000000 1.000000 1.000000 -0.000000 -333.000000 -333.000000 -333.000000 
0.000000 0.666666 1.000000 1.000000 0.000000 0.000000 0.000000 0.000000 -0.000000 -126.666540 -190.000000 -190.000000 
0.000000 0.000000 0.000000 0.000000 0.000000 0.666666 1.000000 1.000000 -0.000000 -228.666438 -343.000000 -343.000000 
0.000000 0.333333 1.000000 1.000000 0.000000 0.000000 0.000000 0.000000 -0.000000 -76.999923 -231.000000 -231.000000 
0.000000 0.000000 0.000000 0.000000 0.000000 0.333333 1.000000 1.000000 -0.000000 -117.666549 -353.000000 -353.000000 
0.000000 0.000000 1.000000 1.000000 0.000000 0.000000 0.000000 0.000000 -0.000000 -0.000000 -267.000000 -267.000000 
0.000000 0.000000 0.000000 0.000000 0.000000 0.000000 1.000000 1.000000 -0.000000 -0.000000 -365.000000 -365.000000 
0.333333 0.000000 1.000000 1.000000 0.000000 0.000000 0.000000 0.000000 -107.999892 -0.000000 -324.000000 -324.000000 
0.000000 0.000000 0.000000 0.000000 0.333333 0.000000 1.000000 1.000000 -119.333214 -0.000000 -358.000000 -358.000000 
0.666666 0.000000 1.000000 1.000000 0.000000 0.000000 0.000000 0.000000 -249.333084 -0.000000 -374.000000 -374.000000 
0.000000 0.000000 0.000000 0.000000 0.666666 0.000000 1.000000 1.000000 -229.999770 -0.000000 -345.000000 -345.000000 
1.000000 0.000000 1.000000 1.000000 0.000000 0.000000 0.000000 0.000000 -421.000000 -0.000000 -421.000000 -421.000000 
0.000000 0.000000 0.000000 0.000000 1.000000 0.000000 1.000000 1.000000 -334.000000 -0.000000 -334.000000 -334.000000 
