1.000000 1.000000 0.000000 1.000000 0.000000 0.000000 0.000000 0.000000 -442.000000 -442.000000 -0.000000 -442.000000 
0.000000 0.000000 0.000000 0.000000 1.000000 1.000000 0.000000 1.000000 -513.000000 -513.000000 -0.000000 -513.000000 
1.000000 0.666666 0.000000 1.000000 0.000000 0.000000 0.000000 0.000000 -407.000000 -271.333062 -0.000000 -407.000000 
0.000000 0.000000 0.000000 0.000000 1.000000 0.666666 0.000000 1.000000 -536.000000 -357.332976 -0.000000 -536.000000 
1.000000 0.333330 0.000000 1.000000 0.000000 0.000000 0.000000 0.000000 -364.000000 -121.332120 -0.000000 -364.000000 
0.000000 0.000000 0.000000 0.000000 1.000000 0.333330 0.000000 1.000000 -560.000000 -186.664800 -0.000000 -560.000000 
1.000000 0.000000 0.000000 1.000000 0.000000 0.000000 0.000000 0.000000 -315.000000 -0.000000 -0.000000 -315.000000 
0.000000 0.000000 0.000000 0.000000 1.000000 0.000000 0.000000 1.000000 -590.000000 -0.000000 -0.000000 -590.000000 
0.666660 0.000000 0.000000 1.000000 0.000000 0.000000 0.000000 0.000000 -173.998260 -0.000000 -0.000000 -261.000000 
0.000000 0.000000 0.000000 0.000000 0.666660 0.000000 0.000000 1.000000 -375.996240 -0.000000 -0.000000 -564.000000 
0.333333 0.000000 0.000000 1.000000 0.000000 0.000000 0.000000 0.000000 -71.333262 -0.000000 -0.000000 -214.000000 
0.000000 0.000000 0.000000 0.000000 0.333333 0.000000 0.000000 1.000000 -179.666487 -0.000000 -0.000000 -539.000000 
0.000000 0.000000 0.000000 1.000000 0.000000 0.000000 0.000000 0.000000 -0.000000 -0.000000 -0.000000 -177.000000 
0.000000 0.000000 0.000000 0.000000 0.000000 0.000000 0.000000 1.000000 -0.000000 -0.000000 -0.000000 -521.000000 
0.000000 0.000000 0.333333 1.000000 0.000000 0.000000 0.000000 0.000000 -0.000000 -0.000000 -58.666608 -176.000000 
0.000000 0.000000 0.000000 0.000000 0.000000 0.000000 0.333333 1.000000 -0.000000 -0.000000 -156.666510 -470.000000 
0.000000 0.000000 0.666666 1.000000 0.000000 0.000000 0.000000 0.000000 -0.000000 -0.000000 -114.666552 -172.000000 
0.000000 0.000000 0.000000 0.000000 0.000000 0.000000 0.666666 1.000000 -0.000000 -0.000000 -267.333066 -401.000000 
0.000000 0.000000 1.000000 1.000000 0.000000 0.000000 0.000000 0.000000 -0.000000 -0.000000 -170.000000 -170.000000 
0.000000 0.000000 0.000000 0.000000 0.000000 0.000000 1.000000 1.000000 -0.000000 -0.000000 -341.000000 -341.000000 
0.333330 0.000000 1.000000 1.000000 0.000000 0.000000 0.000000 0.000000 -67.999320 -0.000000 -204.000000 -204.000000 
0.000000 0.000000 0.000000 0.000000 0.333330 0.000000 1.000000 1.000000 -115.332180 -0.000000 -346.000000 -346.000000 
0.666666 0.000000 1.000000 1.000000 0.000000 0.000000 0.000000 0.000000 -167.999832 -0.000000 -252.000000 -252.000000 
0.000000 0.000000 0.000000 0.000000 0.666666 0.000000 1.000000 1.000000 -238.666428 -0.000000 -358.000000 -358.000000 
1.000000 0.000000 1.000000 1.000000 0.000000 0.000000 0.000000 0.000000 -302.000000 -0.000000 -302.000000 -302.000000 
0.000000 0.000000 0.000000 0.000000 1.000000 0.000000 1.000000 1.000000 -368.000000 -0.000000 -368.000000 -368.000000 
1.000000 0.333330 1.000000 1.000000 0.000000 0.000000 0.000000 0.000000 -354.000000 -117.998820 -354.000000 -354.000000 
0.000000 0.000000 0.000000 0.000000 1.000000 0.333330 1.000000 1.000000 -356.000000 -118.665480 -356.000000 -356.000000 
1.000000 0.666660 1.000000 1.000000 0.000000 0.000000 0.000000 0.000000 -403.000000 -268.663980 -403.000000 -403.000000 
0.000000 0.000000 0.000000 0.000000 1.000000 0.666660 1.000000 1.000000 -342.000000 -227.997720 -342.000000 -342.000000 
1.000000 1.000000 1.000000 1.000000 0.000000 0.000000 0.000000 0.000000 -437.000000 -437.000000 -437.000000 -437.000000 
0.000000 0.000000 0.000000 0.000000 1.000000 1.000000 1.000000 1.000000 -329.000000 -329.000000 -329.000000 -329.000000 
