1.000000 0.000000 0.000000 1.000000 0.000000 0.000000 0.000000 0.000000 -428.000000 -0.000000 -0.000000 -428.000000 
0.000000 0.000000 0.000000 0.000000 1.000000 0.000000 0.000000 1.000000 -500.000000 -0.000000 -0.000000 -500.000000 
0.666666 0.000000 0.000000 1.000000 0.000000 0.000000 0.000000 0.000000 -275.999724 -0.000000 -0.000000 -414.000000 
0.000000 0.000000 0.000000 0.000000 0.666666 0.000000 0.000000 1.000000 -346.666320 -0.000000 -0.000000 -520.000000 
0.333333 0.000000 0.000000 1.000000 0.000000 0.000000 0.000000 0.000000 -131.999868 -0.000000 -0.000000 -396.000000 
0.000000 0.000000 0.000000 0.000000 0.333333 0.000000 0.000000 1.000000 -182.666484 -0.000000 -0.000000 -548.000000 
0.000000 0.000000 0.000000 1.000000 0.000000 0.000000 0.000000 0.000000 -0.000000 -0.000000 -0.000000 -364.000000 
0.000000 0.000000 0.000000 0.000000 0.000000 0.000000 0.000000 1.000000 -0.000000 -0.000000 -0.000000 -588.000000 
0.000000 0.333333 0.000000 1.000000 0.000000 0.000000 0.000000 0.000000 -0.000000 -99.666657 -0.000000 -299.000000 
0.000000 0.000000 0.000000 0.000000 0.000000 0.333333 0.000000 1.000000 -0.000000 -191.666648 -0.000000 -575.000000 
0.000000 0.666666 0.000000 1.000000 0.000000 0.000000 0.000000 0.000000 -0.000000 -154.666512 -0.000000 -232.000000 
0.000000 0.000000 0.000000 0.000000 0.000000 0.666666 0.000000 1.000000 -0.000000 -373.332960 -0.000000 -560.000000 
0.000000 1.000000 0.000000 1.000000 0.000000 0.000000 0.000000 0.000000 -0.000000 -180.000000 -0.000000 -180.000000 
0.000000 0.000000 0.000000 0.000000 0.000000 1.000000 0.000000 1.000000 -0.000000 -548.000000 -0.000000 -548.000000 
0.000000 1.000000 0.333333 1.000000 0.000000 0.000000 0.000000 0.000000 -0.000000 -176.000000 -58.666608 -176.000000 
0.000000 0.000000 0.000000 0.000000 0.000000 1.000000 0.333333 1.000000 -0.000000 -487.000000 -162.333171 -487.000000 
0.000000 1.000000 0.666667 1.000000 0.000000 0.000000 0.000000 0.000000 -0.000000 -173.000000 -115.333322 -173.000000 
0.000000 0.000000 0.000000 0.000000 0.000000 1.000000 0.666667 1.000000 -0.000000 -422.000000 -281.333305 -422.000000 
0.000000 1.000000 1.000000 1.000000 0.000000 0.000000 0.000000 0.000000 -0.000000 -168.000000 -168.000000 -168.000000 
0.000000 0.000000 0.000000 0.000000 0.000000 1.000000 1.000000 1.000000 -0.000000 -353.000000 -353.000000 -353.000000 
0.000000 0.666666 1.000000 1.000000 0.000000 0.000000 0.000000 0.000000 -0.000000 -148.666518 -223.000000 -223.000000 
0.000000 0.000000 0.000000 0.000000 0.000000 0.666666 1.000000 1.000000 -0.000000 -239.333094 -359.000000 -359.000000 
0.000000 0.333333 1.000000 1.000000 0.000000 0.000000 0.000000 0.000000 -0.000000 -96.666570 -290.000000 -290.000000 
0.000000 0.000000 0.000000 0.000000 0.000000 0.333333 1.000000 1.000000 -0.000000 -121.333212 -364.000000 -364.000000 
0.000000 0.000000 1.000000 1.000000 0.000000 0.000000 0.000000 0.000000 -0.000000 -0.000000 -359.000000 -359.000000 
0.000000 0.000000 0.000000 0.000000 0.000000 0.000000 1.000000 1.000000 -0.000000 -0.000000 -370.000000 -370.000000 
0.333333 0.000000 1.000000 1.000000 0.000000 0.000000 0.000000 0.000000 -127.666539 -0.000000 -383.000000 -383.000000 
0.000000 0.000000 0.000000 0.000000 0.333333 0.000000 1.000000 1.000000 -117.666549 -0.000000 -353.000000 -353.000000 
0.666666 0.000000 1.000000 1.000000 0.000000 0.000000 0.000000 0.000000 -269.999730 -0.000000 -405.000000 -405.000000 
0.000000 0.000000 0.000000 0.000000 0.666666 0.000000 1.000000 1.000000 -225.333108 -0.000000 -338.000000 -338.000000 
1.000000 0.000000 1.000000 1.000000 0.000000 0.000000 0.000000 0.000000 -423.000000 -0.000000 -423.000000 -423.000000 
0.000000 0.000000 0.000000 0.000000 1.000000 0.000000 1.000000 1.000000 -329.000000 -0.000000 -329.000000 -329.000000 
