0.000000 0.000000 0.000000 1.000000 0.000000 0.000000 0.000000 0.000000 -0.000000 -0.000000 -0.000000 -387.000000 
0.000000 0.000000 0.000000 0.000000 0.000000 0.000000 0.000000 1.000000 -0.000000 -0.000000 -0.000000 -481.000000 
0.000000 0.333333 0.000000 1.000000 0.000000 0.000000 0.000000 0.000000 -0.000000 -126.666540 -0.000000 -380.000000 
0.000000 0.000000 0.000000 0.000000 0.000000 0.333333 0.000000 1.000000 -0.000000 -167.666499 -0.000000 -503.000000 
0.000000 0.666660 0.000000 1.000000 0.000000 0.000000 0.000000 0.000000 -0.000000 -247.997520 -0.000000 -372.000000 
0.000000 0.000000 0.000000 0.000000 0.000000 0.666660 0.000000 1.000000 -0.000000 -352.663140 -0.000000 -529.000000 
0.000000 1.000000 0.000000 1.000000 0.000000 0.000000 0.000000 0.000000 -0.000000 -356.000000 -0.000000 -356.000000 
0.000000 0.000000 0.000000 0.000000 0.000000 1.000000 0.000000 1.000000 -0.000000 -572.000000 -0.000000 -572.000000 
0.333333 1.000000 0.000000 1.000000 0.000000 0.000000 0.000000 0.000000 -94.999905 -285.000000 -0.000000 -285.000000 
0.000000 0.000000 0.000000 0.000000 0.333333 1.000000 0.000000 1.000000 -188.666478 -566.000000 -0.000000 -566.000000 
0.666666 1.000000 0.000000 1.000000 0.000000 0.000000 0.000000 0.000000 -143.333190 -215.000000 -0.000000 -215.000000 
0.000000 0.000000 0.000000 0.000000 0.666666 1.000000 0.000000 1.000000 -371.999628 -558.000000 -0.000000 -558.000000 
1.000000 1.000000 0.000000 1.000000 0.000000 0.000000 0.000000 0.000000 -154.000000 -154.000000 -0.000000 -154.000000 
0.000000 0.000000 0.000000 0.000000 1.000000 1.000000 0.000000 1.000000 -551.000000 -551.000000 -0.000000 -551.000000 
1.000000 1.000000 0.333333 1.000000 0.000000 0.000000 0.000000 0.000000 -154.000000 -154.000000 -51.333282 -154.000000 
0.000000 0.000000 0.000000 0.000000 1.000000 1.000000 0.333333 1.000000 -490.000000 -490.000000 -163.333170 -490.000000 
1.000000 1.000000 0.666666 1.000000 0.000000 0.000000 0.000000 0.000000 -148.000000 -148.000000 -98.666568 -148.000000 
0.000000 0.000000 0.000000 0.000000 1.000000 1.000000 0.666666 1.000000 -423.000000 -423.000000 -281.999718 -423.000000 
1.000000 1.000000 1.000000 1.000000 0.000000 0.000000 0.000000 0.000000 -145.000000 -145.000000 -145.000000 -145.000000 
0.000000 0.000000 0.000000 0.000000 1.000000 1.000000 1.000000 1.000000 -355.000000 -355.000000 -355.000000 -355.000000 
0.666667 1.000000 1.000000 1.000000 0.000000 0.000000 0.000000 0.000000 -138.666653 -208.000000 -208.000000 -208.000000 
0.000000 0.000000 0.000000 0.000000 0.666667 1.000000 1.000000 1.000000 -237.999976 -357.000000 -357.000000 -357.000000 
0.333333 1.000000 1.000000 1.000000 0.000000 0.000000 0.000000 0.000000 -91.666575 -275.000000 -275.000000 -275.000000 
0.000000 0.000000 0.000000 0.000000 0.333333 1.000000 1.000000 1.000000 -119.333214 -358.000000 -358.000000 -358.000000 
0.000000 1.000000 1.000000 1.000000 0.000000 0.000000 0.000000 0.000000 -0.000000 -347.000000 -347.000000 -347.000000 
0.000000 0.000000 0.000000 0.000000 0.000000 1.000000 1.000000 1.000000 -0.000000 -363.000000 -363.000000 -363.000000 
0.000000 0.666666 1.000000 1.000000 0.000000 0.000000 0.000000 0.000000 -0.000000 -240.666426 -361.000000 -361.000000 
0.000000 0.000000 0.000000 0.000000 0.000000 0.666666 1.000000 1.000000 -0.000000 -229.999770 -345.000000 -345.000000 
0.000000 0.333333 1.000000 1.000000 0.000000 0.000000 0.000000 0.000000 -0.000000 -123.666543 -371.000000 -371.000000 
0.000000 0.000000 0.000000 0.000000 0.000000 0.333333 1.000000 1.000000 -0.000000 -108.999891 -327.000000 -327.000000 
0.000000 0.000000 1.000000 1.000000 0.000000 0.000000 0.000000 0.000000 -0.000000 -0.000000 -380.000000 -380.000000 
0.000000 0.000000 0.000000 0.000000 0.000000 0.000000 1.000000 1.000000 -0.000000 -0.000000 -318.000000 -318.000000 
