0.000000 1.000000 0.000000 1.000000 0.000000 0.000000 0.000000 0.000000 -0.000000 -418.000000 -0.000000 -418.000000 
0.000000 0.000000 0.000000 0.000000 0.000000 1.000000 0.000000 1.000000 -0.000000 -470.000000 -0.000000 -470.000000 
0.333333 1.000000 0.000000 1.000000 0.000000 0.000000 0.000000 0.000000 -133.666533 -401.000000 -0.000000 -401.000000 
0.000000 0.000000 0.000000 0.000000 0.333333 1.000000 0.000000 1.000000 -164.333169 -493.000000 -0.000000 -493.000000 
0.666666 1.000000 0.000000 1.000000 0.000000 0.000000 0.000000 0.000000 -250.666416 -376.000000 -0.000000 -376.000000 
0.000000 0.000000 0.000000 0.000000 0.666666 1.000000 0.000000 1.000000 -346.666320 -520.000000 -0.000000 -520.000000 
1.000000 1.000000 0.000000 1.000000 0.000000 0.000000 0.000000 0.000000 -349.000000 -349.000000 -0.000000 -349.000000 
0.000000 0.000000 0.000000 0.000000 1.000000 1.000000 0.000000 1.000000 -554.000000 -554.000000 -0.000000 -554.000000 
1.000000 0.666666 0.000000 1.000000 0.000000 0.000000 0.000000 0.000000 -287.000000 -191.333142 -0.000000 -287.000000 
0.000000 0.000000 0.000000 0.000000 1.000000 0.666666 0.000000 1.000000 -539.000000 -359.332974 -0.000000 -539.000000 
1.000000 0.333333 0.000000 1.000000 0.000000 0.000000 0.000000 0.000000 -229.000000 -76.333257 -0.000000 -229.000000 
0.000000 0.000000 0.000000 0.000000 1.000000 0.333333 0.000000 1.000000 -528.000000 -175.999824 -0.000000 -528.000000 
1.000000 0.000000 0.000000 1.000000 0.000000 0.000000 0.000000 0.000000 -179.000000 -0.000000 -0.000000 -179.000000 
0.000000 0.000000 0.000000 0.000000 1.000000 0.000000 0.000000 1.000000 -513.000000 -0.000000 -0.000000 -513.000000 
1.000000 0.000000 0.333333 1.000000 0.000000 0.000000 0.000000 0.000000 -175.000000 -0.000000 -58.333275 -175.000000 
0.000000 0.000000 0.000000 0.000000 1.000000 0.000000 0.333333 1.000000 -454.000000 -0.000000 -151.333182 -454.000000 
1.000000 0.000000 0.666666 1.000000 0.000000 0.000000 0.000000 0.000000 -170.000000 -0.000000 -113.333220 -170.000000 
0.000000 0.000000 0.000000 0.000000 1.000000 0.000000 0.666666 1.000000 -396.000000 -0.000000 -263.999736 -396.000000 
1.000000 0.000000 1.000000 1.000000 0.000000 0.000000 0.000000 0.000000 -171.000000 -0.000000 -171.000000 -171.000000 
0.000000 0.000000 0.000000 0.000000 1.000000 0.000000 1.000000 1.000000 -333.000000 -0.000000 -333.000000 -333.000000 
1.000000 0.333333 1.000000 1.000000 0.000000 0.000000 0.000000 0.000000 -219.000000 -72.999927 -219.000000 -219.000000 
0.000000 0.000000 0.000000 0.000000 1.000000 0.333333 1.000000 1.000000 -338.000000 -112.666554 -338.000000 -338.000000 
1.000000 0.666666 1.000000 1.000000 0.000000 0.000000 0.000000 0.000000 -275.000000 -183.333150 -275.000000 -275.000000 
0.000000 0.000000 0.000000 0.000000 1.000000 0.666666 1.000000 1.000000 -344.000000 -229.333104 -344.000000 -344.000000 
1.000000 1.000000 1.000000 1.000000 0.000000 0.000000 0.000000 0.000000 -341.000000 -341.000000 -341.000000 -341.000000 
0.000000 0.000000 0.000000 0.000000 1.000000 1.000000 1.000000 1.000000 -348.000000 -348.000000 -348.000000 -348.000000 
0.666667 1.000000 1.000000 1.000000 0.000000 0.000000 0.000000 0.000000 -243.999976 -366.000000 -366.000000 -366.000000 
0.000000 0.000000 0.000000 0.000000 0.666667 1.000000 1.000000 1.000000 -222.666644 -334.000000 -334.000000 -334.000000 
0.333333 1.000000 1.000000 1.000000 0.000000 0.000000 0.000000 0.000000 -131.333202 -394.000000 -394.000000 -394.000000 
0.000000 0.000000 0.000000 0.000000 0.333333 1.000000 1.000000 1.000000 -106.999893 -321.000000 -321.000000 -321.000000 
0.000000 1.000000 1.000000 1.000000 0.000000 0.000000 0.000000 0.000000 -0.000000 -414.000000 -414.000000 -414.000000 
0.000000 0.000000 0.000000 0.000000 0.000000 1.000000 1.000000 1.000000 -0.000000 -310.000000 -310.000000 -310.000000 
