0.000000 0.000000 0.000000 1.000000 0.000000 0.000000 0.000000 0.000000 -0.000000 -0.000000 -0.000000 -405.000000 
0.000000 0.000000 0.000000 0.000000 0.000000 0.000000 0.000000 1.000000 -0.000000 -0.000000 -0.000000 -496.000000 
0.000000 0.333333 0.000000 1.000000 0.000000 0.000000 0.000000 0.000000 -0.000000 -128.333205 -0.000000 -385.000000 
0.000000 0.000000 0.000000 0.000000 0.000000 0.333333 0.000000 1.000000 -0.000000 -172.666494 -0.000000 -518.000000 
0.000000 0.666660 0.000000 1.000000 0.000000 0.000000 0.000000 0.000000 -0.000000 -237.330960 -0.000000 -356.000000 
0.000000 0.000000 0.000000 0.000000 0.000000 0.666660 0.000000 1.000000 -0.000000 -367.996320 -0.000000 -552.000000 
0.000000 1.000000 0.000000 1.000000 0.000000 0.000000 0.000000 0.000000 -0.000000 -321.000000 -0.000000 -321.000000 
0.000000 0.000000 0.000000 0.000000 0.000000 1.000000 0.000000 1.000000 -0.000000 -583.000000 -0.000000 -583.000000 
0.333333 1.000000 0.000000 1.000000 0.000000 0.000000 0.000000 0.000000 -84.999915 -255.000000 -0.000000 -255.000000 
0.000000 0.000000 0.000000 0.000000 0.333333 1.000000 0.000000 1.000000 -190.666476 -572.000000 -0.000000 -572.000000 
0.666666 1.000000 0.000000 1.000000 0.000000 0.000000 0.000000 0.000000 -131.333202 -197.000000 -0.000000 -197.000000 
0.000000 0.000000 0.000000 0.000000 0.666666 1.000000 0.000000 1.000000 -369.999630 -555.000000 -0.000000 -555.000000 
1.000000 1.000000 0.000000 1.000000 0.000000 0.000000 0.000000 0.000000 -149.000000 -149.000000 -0.000000 -149.000000 
0.000000 0.000000 0.000000 0.000000 1.000000 1.000000 0.000000 1.000000 -541.000000 -541.000000 -0.000000 -541.000000 
1.000000 1.000000 0.333333 1.000000 0.000000 0.000000 0.000000 0.000000 -146.000000 -146.000000 -48.666618 -146.000000 
0.000000 0.000000 0.000000 0.000000 1.000000 1.000000 0.333333 1.000000 -481.000000 -481.000000 -160.333173 -481.000000 
1.000000 1.000000 0.666666 1.000000 0.000000 0.000000 0.000000 0.000000 -142.000000 -142.000000 -94.666572 -142.000000 
0.000000 0.000000 0.000000 0.000000 1.000000 1.000000 0.666666 1.000000 -417.000000 -417.000000 -277.999722 -417.000000 
1.000000 1.000000 1.000000 1.000000 0.000000 0.000000 0.000000 0.000000 -140.000000 -140.000000 -140.000000 -140.000000 
0.000000 0.000000 0.000000 0.000000 1.000000 1.000000 1.000000 1.000000 -348.000000 -348.000000 -348.000000 -348.000000 
0.666667 1.000000 1.000000 1.000000 0.000000 0.000000 0.000000 0.000000 -126.666654 -190.000000 -190.000000 -190.000000 
0.000000 0.000000 0.000000 0.000000 0.666667 1.000000 1.000000 1.000000 -237.333310 -356.000000 -356.000000 -356.000000 
0.333333 1.000000 1.000000 1.000000 0.000000 0.000000 0.000000 0.000000 -82.666584 -248.000000 -248.000000 -248.000000 
0.000000 0.000000 0.000000 0.000000 0.333333 1.000000 1.000000 1.000000 -120.999879 -363.000000 -363.000000 -363.000000 
0.000000 1.000000 1.000000 1.000000 0.000000 0.000000 0.000000 0.000000 -0.000000 -314.000000 -314.000000 -314.000000 
0.000000 0.000000 0.000000 0.000000 0.000000 1.000000 1.000000 1.000000 -0.000000 -371.000000 -371.000000 -371.000000 
0.000000 0.666666 1.000000 1.000000 0.000000 0.000000 0.000000 0.000000 -0.000000 -227.999772 -342.000000 -342.000000 
0.000000 0.000000 0.000000 0.000000 0.000000 0.666666 1.000000 1.000000 -0.000000 -235.333098 -353.000000 -353.000000 
0.000000 0.333333 1.000000 1.000000 0.000000 0.000000 0.000000 0.000000 -0.000000 -124.666542 -374.000000 -374.000000 
0.000000 0.000000 0.000000 0.000000 0.000000 0.333333 1.000000 1.000000 -0.000000 -112.666554 -338.000000 -338.000000 
0.000000 0.000000 1.000000 1.000000 0.000000 0.000000 0.000000 0.000000 -0.000000 -0.000000 -400.000000 -400.000000 
0.000000 0.000000 0.000000 0.000000 0.000000 0.000000 1.000000 1.000000 -0.000000 -0.000000 -327.000000 -327.000000 
