1.000000 1.000000 0.000000 1.000000 0.000000 0.000000 0.000000 0.000000 -435.000000 -435.000000 -0.000000 -435.000000 
0.000000 0.000000 0.000000 0.000000 1.000000 1.000000 0.000000 1.000000 -543.000000 -543.000000 -0.000000 -543.000000 
1.000000 0.666666 0.000000 1.000000 0.000000 0.000000 0.000000 0.000000 -375.000000 -249.999750 -0.000000 -375.000000 
0.000000 0.000000 0.000000 0.000000 1.000000 0.666666 0.000000 1.000000 -555.000000 -369.999630 -0.000000 -555.000000 
1.000000 0.333330 0.000000 1.000000 0.000000 0.000000 0.000000 0.000000 -306.000000 -101.998980 -0.000000 -306.000000 
0.000000 0.000000 0.000000 0.000000 1.000000 0.333330 0.000000 1.000000 -570.000000 -189.998100 -0.000000 -570.000000 
1.000000 0.000000 0.000000 1.000000 0.000000 0.000000 0.000000 0.000000 -236.000000 -0.000000 -0.000000 -236.000000 
0.000000 0.000000 0.000000 0.000000 1.000000 0.000000 0.000000 1.000000 -584.000000 -0.000000 -0.000000 -584.000000 
0.666660 0.000000 0.000000 1.000000 0.000000 0.000000 0.000000 0.000000 -142.665240 -0.000000 -0.000000 -214.000000 
0.000000 0.000000 0.000000 0.000000 0.666660 0.000000 0.000000 1.000000 -365.329680 -0.000000 -0.000000 -548.000000 
0.333333 0.000000 0.000000 1.000000 0.000000 0.000000 0.000000 0.000000 -64.999935 -0.000000 -0.000000 -195.000000 
0.000000 0.000000 0.000000 0.000000 0.333333 0.000000 0.000000 1.000000 -172.333161 -0.000000 -0.000000 -517.000000 
0.000000 0.000000 0.000000 1.000000 0.000000 0.000000 0.000000 0.000000 -0.000000 -0.000000 -0.000000 -186.000000 
0.000000 0.000000 0.000000 0.000000 0.000000 0.000000 0.000000 1.000000 -0.000000 -0.000000 -0.000000 -500.000000 
0.000000 0.000000 0.333333 1.000000 0.000000 0.000000 0.000000 0.000000 -0.000000 -0.000000 -61.333272 -184.000000 
0.000000 0.000000 0.000000 0.000000 0.000000 0.000000 0.333333 1.000000 -0.000000 -0.000000 -155.666511 -467.000000 
0.000000 0.000000 0.666666 1.000000 0.000000 0.000000 0.000000 0.000000 -0.000000 -0.000000 -119.999880 -180.000000 
0.000000 0.000000 0.000000 0.000000 0.000000 0.000000 0.666666 1.000000 -0.000000 -0.000000 -261.333072 -392.000000 
0.000000 0.000000 1.000000 1.000000 0.000000 0.000000 0.000000 0.000000 -0.000000 -0.000000 -177.000000 -177.000000 
0.000000 0.000000 0.000000 0.000000 0.000000 0.000000 1.000000 1.000000 -0.000000 -0.000000 -327.000000 -327.000000 
0.333330 0.000000 1.000000 1.000000 0.000000 0.000000 0.000000 0.000000 -63.666030 -0.000000 -191.000000 -191.000000 
0.000000 0.000000 0.000000 0.000000 0.333330 0.000000 1.000000 1.000000 -112.665540 -0.000000 -338.000000 -338.000000 
0.666666 0.000000 1.000000 1.000000 0.000000 0.000000 0.000000 0.000000 -137.999862 -0.000000 -207.000000 -207.000000 
0.000000 0.000000 0.000000 0.000000 0.666666 0.000000 1.000000 1.000000 -234.666432 -0.000000 -352.000000 -352.000000 
1.000000 0.000000 1.000000 1.000000 0.000000 0.000000 0.000000 0.000000 -226.000000 -0.000000 -226.000000 -226.000000 
0.000000 0.000000 0.000000 0.000000 1.000000 0.000000 1.000000 1.000000 -366.000000 -0.000000 -366.000000 -366.000000 
1.000000 0.333330 1.000000 1.000000 0.000000 0.000000 0.000000 0.000000 -295.000000 -98.332350 -295.000000 -295.000000 
0.000000 0.000000 0.000000 0.000000 1.000000 0.333330 1.000000 1.000000 -361.000000 -120.332130 -361.000000 -361.000000 
1.000000 0.666660 1.000000 1.000000 0.000000 0.000000 0.000000 0.000000 -363.000000 -241.997580 -363.000000 -363.000000 
0.000000 0.000000 0.000000 0.000000 1.000000 0.666660 1.000000 1.000000 -350.000000 -233.331000 -350.000000 -350.000000 
1.000000 1.000000 1.000000 1.000000 0.000000 0.000000 0.000000 0.000000 -424.000000 -424.000000 -424.000000 -424.000000 
0.000000 0.000000 0.000000 0.000000 1.000000 1.000000 1.000000 1.000000 -343.000000 -343.000000 -343.000000 -343.000000 
