0.998158 0.982355 1.012798
0.947736 1.002059 1.015973
0.466967 1.226340 1.800320
0.415727 1.245220 1.792707
0.365056 1.247174 1.784153
0.375205 1.236629 1.783933
0.387724 1.229827 1.778988
0.474228 1.137179 1.761780
0.483104 1.127318 1.758992
0.491880 1.117514 1.756193
0.503110 1.105838 1.755834
0.386688 1.170393 1.752202
0.415720 1.138705 1.743891
0.822928 0.891648 0.964549
0.553780 0.994408 2.488358
0.565855 0.981557 2.491738
0.123397 1.238213 1.690467
0.110047 1.241209 1.686746
0.527385 0.987572 2.535340
0.569912 0.956202 2.543378
0.551192 0.961852 2.542567
0.088719 1.214689 1.660506
0.055290 1.230098 1.656484
0.420534 0.977929 2.495310
0.465972 0.926395 2.511628
0.184060 1.050097 1.123762
0.032586 1.145377 1.634991
0.124797 1.085212 1.347577
0.013446 1.142764 1.646824
-0.003328 1.143747 1.658422
-0.074518 1.176371 1.679952
0.217652 0.979394 1.097564
-0.027747 1.134915 1.670330
-0.008334 1.101639 1.681551
-0.017031 1.092324 1.686260
-0.033478 1.093341 1.693532
-0.027686 1.063713 1.703683
-0.020226 1.053252 1.705283
-0.012673 1.042740 1.704743
-0.005009 1.032161 1.702032
0.002610 1.021604 1.699308
-0.231971 1.183434 1.787847
0.155854 0.894806 1.077430
-0.163900 1.119568 1.788486
0.140899 0.899974 1.083226
0.149677 0.888103 1.079815
0.220988 0.831167 1.058518
-0.206268 1.130705 1.759940
-0.207150 1.131571 1.757838
-0.007385 0.968613 1.005062
0.000258 0.957683 1.001504
-0.162630 1.073373 1.809843
-0.163224 1.073949 1.807648
-0.073759 1.002639 1.795503
-0.094680 1.018017 1.795791
-0.094422 1.017850 1.800356
-0.138668 1.045315 1.809629
-0.045230 0.969848 1.019248
-0.048955 0.967294 1.021652
-0.097766 0.983556 1.797890
-0.099557 0.979456 1.798318
-0.109990 0.987222 1.787199
-0.473565 1.227108 1.249799
-0.080120 0.888761 1.030890
-0.017726 0.817288 1.010668
0.011774 0.732273 2.481068
-0.013146 0.753193 2.472135
-0.278264 0.891227 1.992562
0.046649 0.510911 0.985598
-0.024857 0.504995 1.017122
0.181888 0.308567 0.934502
0.024525 0.420529 0.994296
0.032937 0.406041 0.990381
0.041394 0.391633 0.989082
0.049964 0.376875 0.985106
0.093840 0.301425 0.967457
0.102909 0.285817 0.963264
0.098409 0.282930 0.966189
0.048548 0.316827 0.990938
0.183558 0.178972 1.036402
0.139750 0.222459 0.948997
0.093364 0.259921 0.968578
0.034820 0.309837 0.989563
0.038769 0.292170 0.991223
0.047426 0.276746 0.987208
0.006485 0.295926 1.010375
0.040929 0.233786 0.997206
-0.012810 0.266908 1.011597
0.094766 0.136434 0.975241
