480.000000 186.000000 
267.000000 125.000000 
194.000000 93.000000 
202.000000 82.000000 
202.000000 80.000000 
466.000000 146.000000 
328.000000 202.000000 
297.000000 425.000000 
328.000000 202.000000 
327.000000 203.000000 
328.000000 202.000000 
312.000000 199.000000 
312.000000 199.000000 
312.000000 199.000000 
287.000000 41.000000 
327.000000 203.000000 
296.000000 39.000000 
359.000000 333.000000 
295.000000 37.000000 
297.000000 38.000000 
234.000000 171.000000 
314.000000 195.000000 
271.000000 168.000000 
249.000000 156.000000 
316.000000 348.000000 
287.000000 41.000000 
420.000000 69.000000 
421.000000 70.000000 
397.000000 46.000000 
427.000000 70.000000 
289.000000 44.000000 
452.000000 118.000000 
470.000000 154.000000 
273.000000 103.000000 
473.000000 165.000000 
