297.000000 294.000000 
297.000000 294.000000 
297.000000 294.000000 
297.000000 294.000000 
150.000000 301.000000 
150.000000 301.000000 
150.000000 301.000000 
150.000000 301.000000 
152.000000 301.000000 
157.000000 302.000000 
157.000000 302.000000 
157.000000 302.000000 
155.000000 235.000000 
154.000000 239.000000 
188.000000 313.000000 
188.000000 313.000000 
188.000000 313.000000 
214.000000 131.000000 
212.000000 133.000000 
236.000000 119.000000 
243.000000 115.000000 
376.000000 321.000000 
258.000000 309.000000 
302.000000 110.000000 
388.000000 322.000000 
342.000000 216.000000 
343.000000 216.000000 
343.000000 216.000000 
366.000000 319.000000 
367.000000 319.000000 
