156.000000 132.000000 
180.000000 91.000000 
182.000000 313.000000 
186.000000 242.000000 
186.000000 314.000000 
188.000000 78.000000 
195.000000 209.000000 
198.000000 207.000000 
187.000000 314.000000 
201.000000 205.000000 
207.000000 201.000000 
214.000000 198.000000 
230.000000 170.000000 
237.000000 165.000000 
247.000000 158.000000 
248.000000 171.000000 
251.000000 169.000000 
256.000000 165.000000 
259.000000 354.000000 
263.000000 160.000000 
264.000000 355.000000 
264.000000 356.000000 
267.000000 157.000000 
269.000000 156.000000 
270.000000 156.000000 
271.000000 156.000000 
272.000000 156.000000 
273.000000 156.000000 
280.000000 157.000000 
287.000000 34.000000 
299.000000 50.000000 
354.000000 194.000000 
360.000000 198.000000 
366.000000 197.000000 
366.000000 198.000000 
368.000000 298.000000 
368.000000 299.000000 
370.000000 291.000000 
371.000000 289.000000 
380.000000 262.000000 
384.000000 250.000000 
388.000000 239.000000 
