163.000000 337.000000 
163.000000 338.000000 
164.000000 335.000000 
171.000000 503.000000 
172.000000 504.000000 
173.000000 505.000000 
173.000000 508.000000 
189.000000 339.000000 
191.000000 340.000000 
186.000000 342.000000 
192.000000 340.000000 
199.000000 338.000000 
200.000000 338.000000 
236.000000 188.000000 
237.000000 112.000000 
262.000000 365.000000 
264.000000 365.000000 
265.000000 130.000000 
265.000000 131.000000 
266.000000 131.000000 
266.000000 132.000000 
267.000000 369.000000 
268.000000 364.000000 
268.000000 369.000000 
310.000000 302.000000 
310.000000 303.000000 
312.000000 303.000000 
313.000000 328.000000 
316.000000 327.000000 
329.000000 312.000000 
374.000000 314.000000 
397.000000 197.000000 
400.000000 308.000000 
411.000000 293.000000 
413.000000 294.000000 
