168.000000 180.000000 
143.000000 140.000000 
158.000000 115.000000 
172.000000 327.000000 
426.000000 219.000000 
170.000000 518.000000 
183.000000 76.000000 
385.000000 399.000000 
301.000000 439.000000 
305.000000 359.000000 
312.000000 32.000000 
313.000000 31.000000 
316.000000 32.000000 
369.000000 333.000000 
369.000000 333.000000 
357.000000 179.000000 
354.000000 421.000000 
301.000000 439.000000 
350.000000 345.000000 
351.000000 405.000000 
360.000000 180.000000 
313.000000 32.000000 
327.000000 33.000000 
353.000000 423.000000 
353.000000 497.000000 
351.000000 423.000000 
347.000000 485.000000 
348.000000 414.000000 
194.000000 332.000000 
246.000000 328.000000 
404.000000 327.000000 
313.000000 31.000000 
399.000000 461.000000 
269.000000 177.000000 
282.000000 166.000000 
463.000000 152.000000 
