0.834152 -0.191303 1.846064 
0.885133 -0.205123 1.861407 
0.897275 -0.205057 1.865771 
0.928395 -0.212074 1.869745 
0.883457 -0.191067 1.868328 
0.890662 -0.115872 1.931258 
0.841568 -0.096716 1.926104 
1.022440 -0.168112 1.917491 
0.863753 -0.054593 2.110038 
0.995622 -0.074959 1.880790 
0.854841 0.081552 2.474646 
1.109129 0.007450 1.793506 
1.014782 0.071100 1.002311 
1.000894 0.087746 0.996684 
1.226509 0.012583 1.739322 
0.935183 0.233807 0.977521 
1.081490 0.177774 1.107776 
0.974828 0.244935 0.992885 
1.026537 0.249060 1.087760 
1.019455 0.258253 1.085179 
0.966058 0.286970 0.988931 
1.029273 0.284262 1.078025 
1.068179 0.262596 1.026625 
1.022167 0.293631 1.075397 
1.020098 0.310771 1.009609 
1.012872 0.320336 1.006700 
0.997902 0.356309 1.002891 
0.897168 0.433268 1.030601 
1.028629 0.355289 1.013725 
0.889125 0.443791 1.027630 
1.200219 0.283882 1.429312 
1.202332 0.309774 1.616094 
1.135370 0.576041 2.442949 
1.133653 0.577801 2.441016 
0.978843 0.697069 0.998911 
1.243060 0.697299 1.805496 
0.969409 1.186457 1.724501 
0.027675 1.020840 0.979239 
-0.318504 0.049022 1.211609 
0.034180 0.962463 0.988842 
-0.169626 0.261753 1.674454 
-0.134214 0.314102 1.683649 
-0.180420 0.165354 1.764996 
-0.117519 0.318267 1.677558 
-0.143652 0.290146 1.673611 
-0.176779 0.162721 1.769631 
-0.108654 0.327891 1.674092 
-0.139374 0.149869 1.801513 
-0.086776 0.171376 1.820442 
-0.082795 0.168452 1.775350 
-0.197923 -0.193194 1.887146 
-0.085996 -0.009382 1.834360 
-0.074229 -0.004518 1.838437 
-0.062255 0.000647 1.844842 
0.054089 0.237600 1.838327 
-0.036459 0.024746 1.848049 
-0.058905 -0.032667 1.861910 
-0.037441 -0.067290 1.892143 
0.017543 0.040701 0.989542 
0.057041 0.070676 0.971261 
0.034137 0.024452 0.989944 
-0.026817 -0.122830 1.922735 
-0.007651 -0.094227 1.922004 
-0.009745 -0.107914 1.924557 
0.004250 -0.089758 1.921812 
0.007689 -0.092501 1.919577 
-0.005120 -0.127182 1.924910 
-0.001692 -0.129870 1.922692 
0.036141 -0.103345 1.917251 
0.177053 0.078560 2.520790 
0.177643 0.059917 2.523893 
0.175373 0.026454 2.517733 
0.195098 0.043340 2.521451 
-0.032632 -0.086685 1.901658 
0.318657 -0.275270 1.760827 
0.906094 0.844545 0.948131 
0.556739 1.032744 2.480212 
0.583506 0.976944 2.494536 
0.562240 0.978361 2.530859 
0.559508 0.974230 2.536403 
0.587759 0.951401 2.546441 
0.569912 0.956202 2.543378 
0.567118 0.952049 2.543689 
0.556276 0.949015 1.082223 
0.078048 1.221185 1.661260 
0.465657 0.984328 2.494750 
0.326043 1.036700 2.476883 
0.368037 0.988068 2.492285 
0.178024 1.059383 2.474218 
0.365155 0.933154 2.520839 
0.021646 1.152386 1.642189 
0.172167 1.052440 2.474584 
0.013127 1.142928 1.651057 
-0.034461 1.164319 1.662809 
-0.011650 1.134205 1.665153 
0.318982 0.911635 1.074668 
0.311799 0.893165 2.518006 
0.148012 1.003405 2.474596 
0.322007 0.880476 2.521349 
-0.081161 1.151172 1.694570 
0.095656 1.027772 2.466513 
0.104114 1.016637 2.469370 
0.136149 0.989384 2.477810 
-0.089846 1.142211 1.703288 
0.193605 0.944610 2.492289 
-0.075342 1.122206 1.704430 
-0.048668 1.078280 1.709111 
-0.051688 1.075257 1.709165 
-0.023286 1.050195 1.705338 
-0.005224 1.032242 1.706374 
-0.061010 1.066384 1.711468 
0.549943 0.630831 2.590581 
-0.165683 1.136008 1.780000 
0.439114 0.702464 2.562292 
0.436494 0.697771 2.560095 
0.604284 0.572613 2.606881 
0.189358 0.865262 1.071729 
0.211121 0.843975 1.064617 
0.296517 0.779440 2.531816 
0.195203 0.849695 1.068225 
0.509547 0.613801 2.585449 
-0.017832 0.976319 1.006386 
-0.020900 0.973390 1.004263 
-0.101532 1.028279 1.798209 
-0.152953 1.066281 1.805379 
-0.094704 1.018038 1.800219 
-0.155056 1.062506 1.801224 
0.047732 0.912282 1.119145 
0.075533 0.880695 1.109565 
-0.045759 0.970233 1.021587 
-0.048955 0.967294 1.021652 
0.157823 0.813995 1.078383 
0.179379 0.792165 1.071307 
0.175887 0.788950 1.071376 
-0.109810 0.987090 1.785039 
0.232354 0.710934 1.052080 
-0.101522 0.905507 1.040171 
-0.014983 0.807380 2.497323 
-0.011700 0.751431 2.475218 
0.010848 0.733414 2.475715 
0.151577 0.603214 1.070887 
0.083183 0.573814 0.972482 
0.034062 0.522163 0.989800 
0.024947 0.459243 0.998176 
0.020875 0.456649 0.995955 
0.076566 0.371794 0.976958 
0.098860 0.344137 0.968389 
0.107992 0.328889 0.966896 
-0.063920 0.392339 1.035290 
-0.104789 0.425842 1.050123 
-0.081608 0.383172 1.041853 
-0.050479 0.325214 1.032430 
-0.034051 0.295116 1.022290 
-0.025938 0.280034 1.018510 
-0.009252 0.249304 1.013427 
-0.000909 0.233799 1.009554 
0.007511 0.218151 1.005644 
1.191439 0.678968 2.195947 
1.200474 0.702858 2.194575 
0.694867 -0.133934 2.403323 
0.635286 -0.193107 2.425933 
1.055051 0.589284 1.087217 
1.022984 0.627813 1.080976 
0.990107 0.603216 1.068732 
1.025359 0.674252 2.492197 
1.014478 0.666273 2.494511 
1.163699 0.895971 1.141459 
1.109167 0.853419 1.122482 
1.145041 0.908487 1.062751 
1.056097 0.806323 1.102890 
1.003930 0.737432 1.010884 
1.125693 0.895479 1.054331 
1.080843 0.875921 1.112229 
1.040922 0.849284 1.098297 
1.030976 0.842525 1.097776 
1.060667 0.893621 1.109603 
0.986243 0.882208 1.085098 
0.977643 1.015990 1.010001 
0.967872 1.010259 1.006943 
1.087726 1.203322 1.138528 
0.946001 1.018177 1.013115 
0.930923 1.005372 1.098928 
0.855488 0.896967 1.007273 
1.087938 1.217258 1.141076 
0.848047 0.893612 1.007652 
0.762407 0.887891 1.010129 
0.730552 0.888532 1.004387 
