143.000000 403.000000 
143.000000 404.000000 
143.000000 405.000000 
144.000000 404.000000 
144.000000 414.000000 
145.000000 416.000000 
147.000000 419.000000 
148.000000 419.000000 
154.000000 548.000000 
155.000000 546.000000 
156.000000 547.000000 
187.000000 318.000000 
204.000000 354.000000 
205.000000 353.000000 
225.000000 102.000000 
260.000000 186.000000 
260.000000 187.000000 
300.000000 322.000000 
311.000000 309.000000 
323.000000 217.000000 
325.000000 218.000000 
327.000000 220.000000 
339.000000 229.000000 
342.000000 198.000000 
352.000000 307.000000 
357.000000 306.000000 
357.000000 315.000000 
364.000000 156.000000 
364.000000 303.000000 
367.000000 302.000000 
370.000000 301.000000 
370.000000 302.000000 
371.000000 301.000000 
372.000000 301.000000 
373.000000 301.000000 
374.000000 300.000000 
375.000000 300.000000 
390.000000 280.000000 
414.000000 290.000000 
