340.000000 34.000000 
338.000000 35.000000 
339.000000 35.000000 
341.000000 35.000000 
326.000000 37.000000 
327.000000 37.000000 
328.000000 37.000000 
233.000000 39.000000 
234.000000 39.000000 
235.000000 39.000000 
236.000000 39.000000 
237.000000 39.000000 
258.000000 39.000000 
259.000000 39.000000 
265.000000 39.000000 
273.000000 39.000000 
274.000000 39.000000 
279.000000 39.000000 
289.000000 39.000000 
290.000000 39.000000 
296.000000 39.000000 
254.000000 40.000000 
245.000000 44.000000 
223.000000 47.000000 
222.000000 48.000000 
357.000000 86.000000 
358.000000 86.000000 
362.000000 107.000000 
353.000000 110.000000 
166.000000 132.000000 
167.000000 132.000000 
358.000000 133.000000 
367.000000 140.000000 
367.000000 141.000000 
351.000000 144.000000 
352.000000 144.000000 
353.000000 144.000000 
162.000000 156.000000 
162.000000 157.000000 
156.000000 158.000000 
381.000000 160.000000 
380.000000 161.000000 
330.000000 163.000000 
332.000000 163.000000 
182.000000 173.000000 
183.000000 173.000000 
184.000000 174.000000 
185.000000 176.000000 
195.000000 182.000000 
309.000000 182.000000 
302.000000 183.000000 
303.000000 183.000000 
310.000000 183.000000 
301.000000 184.000000 
301.000000 185.000000 
201.000000 186.000000 
202.000000 186.000000 
202.000000 187.000000 
311.000000 188.000000 
292.000000 189.000000 
289.000000 192.000000 
211.000000 193.000000 
212.000000 194.000000 
296.000000 198.000000 
296.000000 199.000000 
224.000000 203.000000 
284.000000 204.000000 
285.000000 204.000000 
286.000000 204.000000 
287.000000 204.000000 
288.000000 204.000000 
230.000000 207.000000 
231.000000 208.000000 
239.000000 215.000000 
240.000000 215.000000 
240.000000 216.000000 
242.000000 217.000000 
454.000000 219.000000 
455.000000 219.000000 
268.000000 299.000000 
269.000000 299.000000 
234.000000 319.000000 
235.000000 319.000000 
187.000000 320.000000 
188.000000 320.000000 
189.000000 320.000000 
235.000000 320.000000 
185.000000 322.000000 
343.000000 326.000000 
344.000000 326.000000 
345.000000 326.000000 
346.000000 326.000000 
347.000000 326.000000 
317.000000 330.000000 
318.000000 330.000000 
319.000000 330.000000 
320.000000 330.000000 
313.000000 331.000000 
444.000000 331.000000 
449.000000 331.000000 
450.000000 331.000000 
302.000000 332.000000 
303.000000 332.000000 
304.000000 332.000000 
439.000000 332.000000 
440.000000 332.000000 
292.000000 334.000000 
291.000000 335.000000 
417.000000 336.000000 
418.000000 336.000000 
419.000000 336.000000 
420.000000 336.000000 
412.000000 337.000000 
408.000000 338.000000 
399.000000 340.000000 
395.000000 341.000000 
389.000000 342.000000 
378.000000 344.000000 
379.000000 344.000000 
370.000000 346.000000 
365.000000 347.000000 
360.000000 348.000000 
354.000000 349.000000 
342.000000 352.000000 
333.000000 354.000000 
328.000000 355.000000 
318.000000 357.000000 
309.000000 359.000000 
304.000000 360.000000 
299.000000 361.000000 
403.000000 401.000000 
403.000000 402.000000 
402.000000 403.000000 
396.000000 409.000000 
395.000000 410.000000 
353.000000 413.000000 
353.000000 414.000000 
354.000000 414.000000 
342.000000 428.000000 
343.000000 429.000000 
216.000000 462.000000 
217.000000 463.000000 
217.000000 464.000000 
217.000000 465.000000 
218.000000 465.000000 
403.000000 468.000000 
411.000000 472.000000 
395.000000 482.000000 
349.000000 487.000000 
350.000000 487.000000 
402.000000 487.000000 
184.000000 501.000000 
184.000000 502.000000 
185.000000 502.000000 
184.000000 503.000000 
185.000000 504.000000 
448.000000 519.000000 
449.000000 519.000000 
446.000000 521.000000 
447.000000 522.000000 
402.000000 546.000000 
403.000000 546.000000 
395.000000 549.000000 
396.000000 549.000000 
397.000000 549.000000 
392.000000 551.000000 
384.000000 554.000000 
385.000000 554.000000 
386.000000 554.000000 
374.000000 559.000000 
364.000000 564.000000 
361.000000 565.000000 
362.000000 565.000000 
358.000000 566.000000 
359.000000 566.000000 
347.000000 570.000000 
348.000000 570.000000 
349.000000 570.000000 
350.000000 570.000000 
331.000000 578.000000 
326.000000 580.000000 
327.000000 580.000000 
328.000000 580.000000 
320.000000 583.000000 
317.000000 584.000000 
318.000000 584.000000 
313.000000 586.000000 
314.000000 586.000000 
307.000000 589.000000 
289.000000 590.000000 
