0.997820 0.118770 1.010257 
0.515459 1.095863 1.180677 
0.515484 1.096015 1.178442 
0.981492 0.003548 1.010027 
0.861263 0.808554 1.064189 
0.848948 0.799341 1.065472 
0.854472 0.883890 1.092168 
0.842433 0.875273 1.088822 
0.848533 0.890947 1.092335 
0.943937 1.017517 1.004248 
0.913313 1.012589 1.004302 
0.736051 0.810968 1.066122 
0.713924 0.813028 1.067860 
0.779501 0.904964 1.095482 
0.879845 1.032696 1.013156 
0.767054 0.896416 1.092138 
0.659590 0.938828 1.103883 
0.635977 0.917891 1.097006 
0.622642 0.909281 1.093616 
0.619937 0.913307 1.093815 
0.595609 0.891826 1.086744 
0.626666 1.018487 1.009069 
0.505703 1.008121 1.008363 
0.480318 0.987576 1.000469 
0.559086 1.011350 1.005679 
0.353489 1.053291 1.025914 
0.294407 1.021398 1.013424 
0.283549 1.044574 1.023377 
0.268354 1.036511 1.019601 
0.253020 1.028374 1.015791 
0.315976 1.095988 1.042373 
0.961694 -0.009941 1.011666 
1.135112 0.335546 1.062577 
1.137159 0.349946 1.064844 
1.126600 0.339946 1.061947 
0.949035 -0.022742 1.005423 
1.096725 0.672227 1.098407 
1.053992 0.610232 1.085958 
1.035265 0.623938 1.080415 
1.031559 0.626737 1.080262 
1.040642 0.650780 1.082587 
0.976233 1.015194 1.003878 
0.963923 1.082889 1.032842 
0.897002 1.039755 1.103197 
0.911241 1.077673 1.031642 
0.893323 1.062837 1.112687 
0.738493 0.899052 1.007832 
0.862512 1.065944 1.115374 
0.849086 1.148845 1.063844 
0.822531 1.213940 1.096231 
0.790681 1.247093 1.109594 
0.817995 1.245752 1.109168 
