1.198044 0.286693 1.568519 
1.206712 0.311985 1.558884 
0.893928 0.424012 2.107991 
0.911819 0.459890 2.098114 
0.787267 0.470040 2.171230 
0.748405 0.464033 2.187978 
0.816330 0.847135 1.202389 
0.539160 0.798331 2.183468 
0.485193 1.129510 1.646855 
0.481950 1.133879 1.649507 
0.479437 1.127491 1.649570 
0.819356 0.239333 2.385937 
0.338696 1.087719 1.819621 
0.339538 1.086405 1.817315 
0.140550 1.052115 1.246470 
0.153380 0.693084 1.653640 
0.140401 0.705853 1.648931 
0.124029 0.734355 1.639968 
0.077822 0.682204 1.593138 
-0.009173 0.754054 1.209568 
0.020419 0.204308 1.992483 
-0.054076 0.555236 1.201896 
-0.117693 0.359321 1.280150 
-0.303475 0.915986 1.317670 
0.310387 0.696320 1.811408 
0.393649 0.790085 2.225094 
0.271820 0.350232 2.116533 
0.270920 0.349617 2.113820 
0.279880 0.354012 2.114890 
0.278953 0.353373 2.112174 
1.007897 0.172097 1.766974 
0.171941 -0.043662 1.239287 
0.172426 -0.044127 1.236794 
0.297613 -0.122264 1.208548 
0.475726 -0.163776 1.233067 
0.513658 -0.157133 1.247880 
0.450544 -0.105989 1.225083 
0.460972 -0.108036 1.226193 
0.471342 -0.110071 1.227296 
0.644167 -0.217855 1.250937 
0.613386 -0.189352 1.243001 
0.671636 -0.222669 1.253818 
0.538875 -0.104831 1.225471 
0.557779 -0.113490 1.230440 
0.567646 -0.115465 1.231506 
0.632362 -0.160725 1.232431 
0.604776 -0.014243 1.200455 
0.676288 -0.021322 1.207894 
0.636469 0.268879 1.698465 
1.067320 -0.105729 1.209646 
1.092134 -0.107644 1.206331 
1.121728 -0.098386 1.202309 
1.178189 -0.112262 1.205995 
1.252250 -0.146085 1.220043 
1.290516 -0.143643 1.218148 
1.439291 -0.275841 1.611927 
1.460747 -0.279274 1.622259 
