176.000000 353.000000 
176.000000 353.000000 
178.000000 354.000000 
178.000000 546.000000 
178.000000 546.000000 
178.000000 545.000000 
181.000000 548.000000 
194.000000 355.000000 
187.000000 354.000000 
194.000000 355.000000 
187.000000 354.000000 
183.000000 354.000000 
183.000000 354.000000 
246.000000 192.000000 
235.000000 118.000000 
356.000000 371.000000 
357.000000 370.000000 
301.000000 123.000000 
301.000000 123.000000 
301.000000 123.000000 
301.000000 123.000000 
358.000000 373.000000 
359.000000 373.000000 
359.000000 373.000000 
248.000000 315.000000 
248.000000 315.000000 
244.000000 319.000000 
206.000000 338.000000 
206.000000 338.000000 
244.000000 319.000000 
246.000000 321.000000 
390.000000 196.000000 
249.000000 317.000000 
248.000000 315.000000 
266.000000 305.000000 
