0.171941 -0.043662 1.239287
0.172426 -0.044127 1.236794
0.297613 -0.122264 1.208548
0.475726 -0.163776 1.233067
0.513658 -0.157133 1.247880
0.450544 -0.105989 1.225083
0.460972 -0.108036 1.226193
0.471342 -0.110071 1.227296
0.644167 -0.217855 1.250937
0.613386 -0.189352 1.243001
0.671636 -0.222669 1.253818
0.538875 -0.104831 1.225471
0.557779 -0.113490 1.230440
0.567646 -0.115465 1.231506
0.632362 -0.160725 1.232431
0.604776 -0.014243 1.200455
0.676288 -0.021322 1.207894
0.636469 0.268879 1.698465
1.067320 -0.105729 1.209646
1.092134 -0.107644 1.206331
1.121728 -0.098386 1.202309
1.178189 -0.112262 1.205995
1.252250 -0.146085 1.220043
1.290516 -0.143643 1.218148
1.439291 -0.275841 1.611927
1.460747 -0.279274 1.622259
