279.000000 34.000000 
280.000000 34.000000 
153.000000 196.000000 
297.000000 208.000000 
300.000000 209.000000 
236.000000 315.000000 
237.000000 315.000000 
238.000000 315.000000 
414.000000 315.000000 
415.000000 315.000000 
416.000000 316.000000 
282.000000 319.000000 
304.000000 319.000000 
305.000000 319.000000 
307.000000 319.000000 
308.000000 319.000000 
279.000000 320.000000 
324.000000 320.000000 
325.000000 320.000000 
392.000000 320.000000 
394.000000 320.000000 
319.000000 321.000000 
386.000000 321.000000 
387.000000 321.000000 
388.000000 321.000000 
298.000000 336.000000 
287.000000 338.000000 
288.000000 338.000000 
280.000000 339.000000 
282.000000 339.000000 
274.000000 340.000000 
267.000000 341.000000 
269.000000 341.000000 
262.000000 342.000000 
263.000000 342.000000 
255.000000 343.000000 
256.000000 343.000000 
257.000000 343.000000 
419.000000 505.000000 
265.000000 560.000000 
250.000000 561.000000 
251.000000 561.000000 
252.000000 561.000000 
253.000000 561.000000 
263.000000 561.000000 
249.000000 562.000000 
253.000000 562.000000 
260.000000 562.000000 
248.000000 563.000000 
247.000000 564.000000 
247.000000 565.000000 
248.000000 566.000000 
