147.000000 203.000000 
131.000000 171.000000 
136.000000 172.000000 
134.000000 169.000000 
135.000000 171.000000 
127.000000 153.000000 
124.000000 144.000000 
141.000000 183.000000 
125.000000 142.000000 
125.000000 143.000000 
203.000000 181.000000 
192.000000 195.000000 
203.000000 181.000000 
161.000000 207.000000 
192.000000 383.000000 
379.000000 317.000000 
378.000000 319.000000 
378.000000 319.000000 
202.000000 39.000000 
214.000000 36.000000 
354.000000 314.000000 
274.000000 31.000000 
275.000000 32.000000 
311.000000 172.000000 
311.000000 172.000000 
213.000000 175.000000 
310.000000 343.000000 
198.000000 184.000000 
309.000000 341.000000 
394.000000 312.000000 
349.000000 198.000000 
322.000000 337.000000 
331.000000 319.000000 
325.000000 336.000000 
331.000000 319.000000 
332.000000 319.000000 
401.000000 311.000000 
159.000000 210.000000 
335.000000 333.000000 
349.000000 198.000000 
368.000000 211.000000 
368.000000 211.000000 
368.000000 211.000000 
371.000000 213.000000 
337.000000 332.000000 
339.000000 331.000000 
339.000000 331.000000 
339.000000 331.000000 
337.000000 320.000000 
339.000000 332.000000 
339.000000 332.000000 
365.000000 253.000000 
378.000000 219.000000 
378.000000 219.000000 
382.000000 207.000000 
356.000000 313.000000 
356.000000 326.000000 
355.000000 326.000000 
352.000000 315.000000 
357.000000 326.000000 
350.000000 317.000000 
357.000000 326.000000 
360.000000 324.000000 
363.000000 323.000000 
362.000000 323.000000 
177.000000 198.000000 
372.000000 453.000000 
372.000000 452.000000 
385.000000 45.000000 
385.000000 45.000000 
382.000000 316.000000 
190.000000 457.000000 
379.000000 317.000000 
382.000000 316.000000 
379.000000 317.000000 
382.000000 317.000000 
390.000000 49.000000 
417.000000 178.000000 
395.000000 312.000000 
395.000000 312.000000 
410.000000 310.000000 
447.000000 156.000000 
410.000000 310.000000 
130.000000 163.000000 
410.000000 311.000000 
410.000000 311.000000 
447.000000 156.000000 
410.000000 485.000000 
410.000000 310.000000 
142.000000 189.000000 
141.000000 188.000000 
415.000000 181.000000 
