290 2
328.000000 33.000000 
329.000000 33.000000 
328.000000 34.000000 
-1.000000 -1.000000 
185.000000 71.000000 
-1.000000 -1.000000 
-1.000000 -1.000000 
-1.000000 -1.000000 
-1.000000 -1.000000 
-1.000000 -1.000000 
-1.000000 -1.000000 
-1.000000 -1.000000 
-1.000000 -1.000000 
-1.000000 -1.000000 
-1.000000 -1.000000 
-1.000000 -1.000000 
-1.000000 -1.000000 
-1.000000 -1.000000 
-1.000000 -1.000000 
-1.000000 -1.000000 
-1.000000 -1.000000 
-1.000000 -1.000000 
-1.000000 -1.000000 
-1.000000 -1.000000 
-1.000000 -1.000000 
-1.000000 -1.000000 
-1.000000 -1.000000 
-1.000000 -1.000000 
171.000000 97.000000 
-1.000000 -1.000000 
-1.000000 -1.000000 
-1.000000 -1.000000 
-1.000000 -1.000000 
-1.000000 -1.000000 
-1.000000 -1.000000 
-1.000000 -1.000000 
-1.000000 -1.000000 
-1.000000 -1.000000 
-1.000000 -1.000000 
-1.000000 -1.000000 
-1.000000 -1.000000 
-1.000000 -1.000000 
-1.000000 -1.000000 
-1.000000 -1.000000 
-1.000000 -1.000000 
-1.000000 -1.000000 
-1.000000 -1.000000 
-1.000000 -1.000000 
-1.000000 -1.000000 
-1.000000 -1.000000 
-1.000000 -1.000000 
-1.000000 -1.000000 
-1.000000 -1.000000 
-1.000000 -1.000000 
-1.000000 -1.000000 
-1.000000 -1.000000 
-1.000000 -1.000000 
-1.000000 -1.000000 
-1.000000 -1.000000 
-1.000000 -1.000000 
-1.000000 -1.000000 
-1.000000 -1.000000 
-1.000000 -1.000000 
-1.000000 -1.000000 
-1.000000 -1.000000 
-1.000000 -1.000000 
-1.000000 -1.000000 
-1.000000 -1.000000 
-1.000000 -1.000000 
-1.000000 -1.000000 
-1.000000 -1.000000 
-1.000000 -1.000000 
-1.000000 -1.000000 
-1.000000 -1.000000 
-1.000000 -1.000000 
-1.000000 -1.000000 
-1.000000 -1.000000 
-1.000000 -1.000000 
-1.000000 -1.000000 
-1.000000 -1.000000 
-1.000000 -1.000000 
-1.000000 -1.000000 
-1.000000 -1.000000 
-1.000000 -1.000000 
-1.000000 -1.000000 
-1.000000 -1.000000 
-1.000000 -1.000000 
-1.000000 -1.000000 
-1.000000 -1.000000 
-1.000000 -1.000000 
-1.000000 -1.000000 
-1.000000 -1.000000 
391.000000 182.000000 
-1.000000 -1.000000 
-1.000000 -1.000000 
-1.000000 -1.000000 
-1.000000 -1.000000 
-1.000000 -1.000000 
-1.000000 -1.000000 
-1.000000 -1.000000 
-1.000000 -1.000000 
-1.000000 -1.000000 
-1.000000 -1.000000 
-1.000000 -1.000000 
-1.000000 -1.000000 
-1.000000 -1.000000 
-1.000000 -1.000000 
-1.000000 -1.000000 
-1.000000 -1.000000 
-1.000000 -1.000000 
417.000000 203.000000 
-1.000000 -1.000000 
-1.000000 -1.000000 
-1.000000 -1.000000 
-1.000000 -1.000000 
-1.000000 -1.000000 
-1.000000 -1.000000 
-1.000000 -1.000000 
-1.000000 -1.000000 
-1.000000 -1.000000 
238.000000 206.000000 
-1.000000 -1.000000 
-1.000000 -1.000000 
-1.000000 -1.000000 
-1.000000 -1.000000 
-1.000000 -1.000000 
-1.000000 -1.000000 
239.000000 207.000000 
-1.000000 -1.000000 
-1.000000 -1.000000 
235.000000 208.000000 
-1.000000 -1.000000 
-1.000000 -1.000000 
-1.000000 -1.000000 
-1.000000 -1.000000 
-1.000000 -1.000000 
-1.000000 -1.000000 
-1.000000 -1.000000 
-1.000000 -1.000000 
-1.000000 -1.000000 
-1.000000 -1.000000 
-1.000000 -1.000000 
-1.000000 -1.000000 
-1.000000 -1.000000 
-1.000000 -1.000000 
-1.000000 -1.000000 
-1.000000 -1.000000 
-1.000000 -1.000000 
-1.000000 -1.000000 
-1.000000 -1.000000 
232.000000 212.000000 
-1.000000 -1.000000 
-1.000000 -1.000000 
-1.000000 -1.000000 
-1.000000 -1.000000 
230.000000 213.000000 
-1.000000 -1.000000 
-1.000000 -1.000000 
226.000000 214.000000 
-1.000000 -1.000000 
-1.000000 -1.000000 
-1.000000 -1.000000 
-1.000000 -1.000000 
225.000000 215.000000 
-1.000000 -1.000000 
-1.000000 -1.000000 
-1.000000 -1.000000 
-1.000000 -1.000000 
-1.000000 -1.000000 
226.000000 216.000000 
-1.000000 -1.000000 
-1.000000 -1.000000 
219.000000 217.000000 
-1.000000 -1.000000 
-1.000000 -1.000000 
-1.000000 -1.000000 
224.000000 217.000000 
225.000000 217.000000 
-1.000000 -1.000000 
-1.000000 -1.000000 
-1.000000 -1.000000 
-1.000000 -1.000000 
-1.000000 -1.000000 
-1.000000 -1.000000 
-1.000000 -1.000000 
-1.000000 -1.000000 
-1.000000 -1.000000 
-1.000000 -1.000000 
-1.000000 -1.000000 
-1.000000 -1.000000 
-1.000000 -1.000000 
-1.000000 -1.000000 
-1.000000 -1.000000 
-1.000000 -1.000000 
-1.000000 -1.000000 
-1.000000 -1.000000 
-1.000000 -1.000000 
-1.000000 -1.000000 
-1.000000 -1.000000 
-1.000000 -1.000000 
-1.000000 -1.000000 
-1.000000 -1.000000 
-1.000000 -1.000000 
-1.000000 -1.000000 
-1.000000 -1.000000 
-1.000000 -1.000000 
-1.000000 -1.000000 
-1.000000 -1.000000 
-1.000000 -1.000000 
-1.000000 -1.000000 
-1.000000 -1.000000 
-1.000000 -1.000000 
-1.000000 -1.000000 
-1.000000 -1.000000 
-1.000000 -1.000000 
-1.000000 -1.000000 
-1.000000 -1.000000 
-1.000000 -1.000000 
-1.000000 -1.000000 
-1.000000 -1.000000 
-1.000000 -1.000000 
-1.000000 -1.000000 
-1.000000 -1.000000 
-1.000000 -1.000000 
-1.000000 -1.000000 
-1.000000 -1.000000 
-1.000000 -1.000000 
-1.000000 -1.000000 
-1.000000 -1.000000 
-1.000000 -1.000000 
-1.000000 -1.000000 
-1.000000 -1.000000 
-1.000000 -1.000000 
-1.000000 -1.000000 
-1.000000 -1.000000 
-1.000000 -1.000000 
-1.000000 -1.000000 
-1.000000 -1.000000 
-1.000000 -1.000000 
-1.000000 -1.000000 
-1.000000 -1.000000 
-1.000000 -1.000000 
-1.000000 -1.000000 
-1.000000 -1.000000 
-1.000000 -1.000000 
-1.000000 -1.000000 
-1.000000 -1.000000 
-1.000000 -1.000000 
-1.000000 -1.000000 
-1.000000 -1.000000 
-1.000000 -1.000000 
-1.000000 -1.000000 
-1.000000 -1.000000 
-1.000000 -1.000000 
233.000000 298.000000 
-1.000000 -1.000000 
-1.000000 -1.000000 
-1.000000 -1.000000 
-1.000000 -1.000000 
-1.000000 -1.000000 
-1.000000 -1.000000 
-1.000000 -1.000000 
-1.000000 -1.000000 
-1.000000 -1.000000 
-1.000000 -1.000000 
-1.000000 -1.000000 
-1.000000 -1.000000 
-1.000000 -1.000000 
-1.000000 -1.000000 
-1.000000 -1.000000 
-1.000000 -1.000000 
-1.000000 -1.000000 
-1.000000 -1.000000 
-1.000000 -1.000000 
-1.000000 -1.000000 
-1.000000 -1.000000 
-1.000000 -1.000000 
-1.000000 -1.000000 
-1.000000 -1.000000 
235.000000 307.000000 
-1.000000 -1.000000 
-1.000000 -1.000000 
-1.000000 -1.000000 
-1.000000 -1.000000 
-1.000000 -1.000000 
-1.000000 -1.000000 
-1.000000 -1.000000 
-1.000000 -1.000000 
294.000000 359.000000 
295.000000 359.000000 
