0.894858 -0.014968 2.131280
0.888247 -0.008300 2.132678
0.881577 -0.001575 2.134089
0.874846 0.005209 2.135513
0.890025 0.001194 2.132854
0.894265 0.002554 2.132232
0.887605 0.009326 2.133644
0.913576 -0.000168 2.128965
0.896163 0.011986 2.132386
0.889491 0.018808 2.133802
0.879706 0.031412 2.128531
0.835295 -0.017260 2.131377
1.294982 0.174262 2.032925
1.304077 0.169428 2.033183
1.287460 0.175846 2.036640
1.286556 0.177123 2.033939
1.260549 0.231744 2.039574
0.087416 0.073416 2.054849
-0.047532 -0.063597 1.830775
-0.081782 -0.058230 1.818514
-0.080026 -0.053757 1.820617
-0.066957 -0.068037 1.816063
0.819345 -0.177591 1.695964
1.481828 0.153484 1.647867
1.444955 0.188399 1.640780
0.652963 -0.171705 1.650606
0.638520 -0.170613 1.642924
0.680062 -0.193735 1.648538
0.769624 -0.221616 1.657545
0.574115 -0.191616 1.616532
0.663141 -0.225681 1.625572
0.560804 -0.191767 1.606840
1.105024 0.681652 1.560105
0.622506 -0.209351 1.594182
7.545841 -5.190101 2.034858
0.632323 -0.216981 1.593177
0.397202 -0.204092 1.550174
1.375291 0.066210 1.536694
1.376616 0.065038 1.535540
1.372034 0.071497 1.534833
1.257912 0.134197 1.372609
1.195712 0.172169 1.305625
-0.025494 0.055684 1.002523
-0.024755 0.055271 1.000185
0.844505 0.635115 1.011990
0.850169 0.635865 1.015331
0.840662 0.648431 1.011647
0.831054 0.661130 1.007925
0.821344 0.673965 1.004163
0.905504 0.563089 1.034708
0.896569 0.574900 1.031236
0.870661 0.569195 1.018569
0.892663 0.532956 1.023983
1.881460 -0.513024 1.371604
1.887856 -0.513535 1.372692
1.881762 -0.508765 1.370886
1.884008 -0.507526 1.371013
1.370039 -0.215889 1.223922
1.365473 -0.210372 1.222173
1.360873 -0.204816 1.220411
1.356241 -0.199219 1.218637
1.332569 -0.170619 1.209570
1.327730 -0.164773 1.207717
1.342206 -0.182144 1.211774
1.337435 -0.176380 1.209942
1.282554 -0.110076 1.188859
1.303159 -0.134819 1.195239
0.981676 0.410863 1.051925
1.270009 -0.088864 1.177866
1.033736 0.741664 1.008172
1.206227 -0.017285 1.154584
1.126595 0.078946 1.123720
1.120103 0.086792 1.121204
1.032739 0.691376 1.010019
1.018697 0.712847 1.009057
1.022661 0.715234 1.006655
1.014243 0.727804 1.003032
1.022623 0.724618 1.010155
1.025083 0.728914 1.004555
1.019617 0.737804 1.007300
1.088811 0.718871 1.019081
1.095621 0.717316 1.023002
1.101042 0.717581 1.023810
1.091809 0.731706 1.017232
1.139807 0.063264 1.127102
1.023433 0.203920 1.081864
1.016025 0.212874 1.078984
1.035413 0.662838 1.016277
1.074746 0.732271 1.009926
1.077682 0.745293 1.008026
1.094308 0.720029 1.013380
1.081792 0.731455 1.007377
1.079239 0.744213 1.004635
0.985465 0.158284 1.003116
0.986970 0.130648 1.004889
1.021261 0.085381 1.018882
1.792659 -0.530274 1.186398
1.735648 -0.454528 1.147423
1.738483 -0.458214 1.149463
