159.000000 313.000000 
226.000000 200.000000 
225.000000 202.000000 
228.000000 199.000000 
229.000000 199.000000 
241.000000 188.000000 
247.000000 188.000000 
248.000000 186.000000 
257.000000 172.000000 
257.000000 200.000000 
260.000000 167.000000 
256.000000 199.000000 
264.000000 299.000000 
265.000000 159.000000 
265.000000 180.000000 
265.000000 300.000000 
267.000000 156.000000 
282.000000 285.000000 
356.000000 209.000000 
356.000000 216.000000 
362.000000 214.000000 
363.000000 214.000000 
365.000000 211.000000 
380.000000 327.000000 
