174.000000 290.000000 
176.000000 289.000000 
176.000000 289.000000 
172.000000 301.000000 
172.000000 301.000000 
163.000000 301.000000 
155.000000 301.000000 
175.000000 302.000000 
172.000000 292.000000 
172.000000 292.000000 
162.000000 301.000000 
169.000000 303.000000 
170.000000 301.000000 
178.000000 306.000000 
201.000000 324.000000 
178.000000 311.000000 
196.000000 322.000000 
196.000000 322.000000 
160.000000 302.000000 
195.000000 321.000000 
195.000000 320.000000 
195.000000 321.000000 
195.000000 320.000000 
195.000000 322.000000 
177.000000 305.000000 
178.000000 306.000000 
195.000000 322.000000 
163.000000 296.000000 
196.000000 322.000000 
170.000000 306.000000 
196.000000 322.000000 
196.000000 322.000000 
196.000000 322.000000 
171.000000 301.000000 
171.000000 301.000000 
171.000000 301.000000 
155.000000 301.000000 
160.000000 302.000000 
155.000000 301.000000 
175.000000 302.000000 
174.000000 301.000000 
174.000000 301.000000 
167.000000 305.000000 
196.000000 318.000000 
194.000000 320.000000 
197.000000 308.000000 
199.000000 308.000000 
202.000000 326.000000 
247.000000 349.000000 
202.000000 325.000000 
251.000000 205.000000 
201.000000 322.000000 
202.000000 325.000000 
238.000000 366.000000 
243.000000 365.000000 
243.000000 365.000000 
243.000000 365.000000 
236.000000 365.000000 
230.000000 369.000000 
241.000000 365.000000 
206.000000 327.000000 
210.000000 330.000000 
210.000000 330.000000 
206.000000 327.000000 
257.000000 363.000000 
202.000000 325.000000 
257.000000 363.000000 
257.000000 363.000000 
257.000000 363.000000 
257.000000 363.000000 
205.000000 327.000000 
173.000000 222.000000 
239.000000 365.000000 
173.000000 222.000000 
227.000000 366.000000 
225.000000 363.000000 
249.000000 350.000000 
250.000000 349.000000 
247.000000 349.000000 
250.000000 349.000000 
401.000000 344.000000 
401.000000 344.000000 
406.000000 344.000000 
405.000000 344.000000 
402.000000 344.000000 
428.000000 394.000000 
429.000000 394.000000 
429.000000 407.000000 
429.000000 406.000000 
428.000000 395.000000 
429.000000 407.000000 
428.000000 395.000000 
428.000000 395.000000 
429.000000 407.000000 
428.000000 404.000000 
428.000000 404.000000 
