0.953628 -0.025671 1.005731
0.994942 0.065668 1.015827
0.994477 0.065221 1.012983
0.982496 0.053049 1.012353
0.982011 0.052578 1.009489
0.977568 0.055038 1.011920
0.952605 0.005891 2.288093
1.078034 0.280640 1.039125
1.402992 0.877444 2.112916
1.923737 1.895418 1.785207
0.870050 0.104127 2.480570
0.879888 0.128836 2.482687
0.922221 0.381692 1.040440
1.210855 0.870083 1.138145
1.061766 0.644767 2.386336
0.989769 0.558981 1.067160
1.084333 0.706266 2.397391
0.864181 0.364680 1.024586
1.003042 0.598608 1.069794
1.207663 0.951998 1.138657
1.067712 0.731970 2.424605
1.779769 1.785593 1.029282
1.046585 0.709800 2.425857
1.052336 0.725326 2.410151
1.217601 0.997586 1.144554
1.018356 0.666220 2.422363
1.048285 0.727675 2.410598
1.140213 0.915286 1.121203
0.927045 0.749214 2.429272
0.937012 0.772320 2.423664
0.911928 0.744158 2.433092
0.846650 0.710077 2.451505
0.822175 0.682860 2.463223
0.819370 0.679966 2.461680
0.825783 0.696636 2.460335
0.823012 0.693788 2.458790
0.795139 0.663154 2.469165
0.798004 0.666100 2.470713
0.785746 0.657599 2.474512
0.782851 0.654627 2.472961
0.770445 0.646018 2.476794
0.773371 0.649015 2.478347
0.722660 0.613833 2.494066
0.883518 0.837664 1.043705
0.628950 0.548770 2.523122
0.615012 0.539088 2.527445
0.783985 0.846200 2.442865
0.694926 0.739788 2.479868
0.810085 0.894847 2.427655
0.757608 0.867635 2.439910
0.745786 0.860510 2.443371
0.733858 0.853320 2.446863
0.762607 0.897307 2.434307
1.076824 1.293076 2.294102
-0.116227 -0.170334 2.802720
-0.161749 -0.012134 2.766551
0.651992 0.936794 2.450207
0.649276 0.934454 2.448631
0.639695 0.929998 2.453710
0.636951 0.927639 2.452131
0.636171 0.933420 2.453879
0.614769 0.916221 2.460813
0.428930 0.883538 2.542431
0.393354 0.853157 2.549456
0.442928 0.890946 2.538306
0.463897 0.906737 2.528752
0.521514 1.065076 2.314696
0.536643 1.078986 2.300564
0.533913 1.076910 2.298820
0.514327 1.059562 2.309207
0.658702 1.189931 1.090320
0.456793 1.004910 2.447711
0.506399 1.057065 2.310727
0.492737 1.052686 2.296172
0.518016 1.082848 2.273554
0.489059 1.062063 2.283080
0.374293 0.957933 2.473164
0.661554 1.230486 1.101132
0.374483 0.964484 2.469507
0.363682 0.953527 2.467936
0.651316 1.250735 1.109451
-79.341926 -75.792802 25.206204
-18.162962 -14.622629 6.884870
-19.068288 -15.341264 7.057880
-20.596594 -16.661505 7.335789
-26.714069 -21.683568 9.248488
0.041245 1.161144 1.751702
