0.632883 0.623075 2.197772
0.468611 1.104893 1.650650
0.593215 0.626915 2.235293
0.544696 0.713232 2.209618
0.408978 1.108455 1.766256
0.406208 1.117833 1.768688
0.488275 0.820634 2.174695
0.448144 0.771758 2.325065
0.357040 -0.395568 0.979385
0.345251 -0.371218 0.980625
0.002628 0.959030 0.994435
0.000304 0.971619 0.995393
-0.007382 0.984479 1.001451
0.085662 0.341696 1.083341
0.067333 0.377373 1.093507
0.049317 0.412518 1.103507
0.023066 0.463981 1.116777
-0.051274 0.610089 1.154409
-0.074681 0.656215 1.166274
-0.049502 0.207707 1.111246
-0.107031 0.472347 1.157297
-0.098364 0.342309 1.139416
-0.114881 0.378882 1.149131
-0.122705 0.396184 1.152392
-0.127527 0.393836 1.154776
-0.129861 0.373437 1.153949
-0.132456 0.353796 1.150593
-0.150879 0.064027 1.676853
-0.153601 0.041532 1.670139
-0.164042 0.082654 1.668378
-0.166400 0.058813 1.664416
-0.184109 0.288424 1.151833
-0.202517 0.304843 1.160663
-0.203496 -0.150461 1.110849
-0.219389 -0.175033 1.110367
