151.000000 161.000000 
164.000000 133.000000 
171.000000 125.000000 
175.000000 167.000000 
182.000000 172.000000 
183.000000 381.000000 
184.000000 321.000000 
186.000000 319.000000 
202.000000 76.000000 
204.000000 74.000000 
203.000000 75.000000 
213.000000 114.000000 
225.000000 43.000000 
230.000000 208.000000 
231.000000 323.000000 
233.000000 210.000000 
249.000000 558.000000 
249.000000 559.000000 
250.000000 559.000000 
252.000000 40.000000 
254.000000 492.000000 
258.000000 211.000000 
255.000000 37.000000 
267.000000 204.000000 
183.000000 501.000000 
270.000000 203.000000 
277.000000 39.000000 
288.000000 40.000000 
292.000000 188.000000 
298.000000 38.000000 
303.000000 34.000000 
304.000000 331.000000 
308.000000 177.000000 
333.000000 330.000000 
338.000000 35.000000 
339.000000 34.000000 
339.000000 573.000000 
346.000000 38.000000 
348.000000 161.000000 
348.000000 569.000000 
352.000000 163.000000 
363.000000 494.000000 
365.000000 421.000000 
368.000000 147.000000 
425.000000 188.000000 
435.000000 196.000000 
449.000000 519.000000 
450.000000 437.000000 
455.000000 212.000000 
