178 2
238.000000 30.000000 
239.000000 30.000000 
240.000000 30.000000 
241.000000 30.000000 
242.000000 30.000000 
243.000000 30.000000 
244.000000 30.000000 
245.000000 30.000000 
246.000000 30.000000 
247.000000 30.000000 
248.000000 30.000000 
229.000000 33.000000 
363.000000 40.000000 
364.000000 40.000000 
363.000000 41.000000 
363.000000 42.000000 
375.000000 44.000000 
175.000000 83.000000 
140.000000 138.000000 
139.000000 139.000000 
140.000000 139.000000 
138.000000 140.000000 
182.000000 165.000000 
380.000000 174.000000 
381.000000 174.000000 
168.000000 175.000000 
167.000000 176.000000 
165.000000 177.000000 
166.000000 177.000000 
374.000000 178.000000 
157.000000 184.000000 
156.000000 185.000000 
156.000000 186.000000 
431.000000 189.000000 
157.000000 192.000000 
439.000000 192.000000 
156.000000 193.000000 
142.000000 198.000000 
326.000000 209.000000 
326.000000 210.000000 
327.000000 210.000000 
320.000000 256.000000 
318.000000 270.000000 
172.000000 302.000000 
173.000000 302.000000 
172.000000 303.000000 
178.000000 308.000000 
179.000000 309.000000 
361.000000 311.000000 
362.000000 311.000000 
363.000000 311.000000 
364.000000 311.000000 
365.000000 311.000000 
356.000000 312.000000 
357.000000 312.000000 
369.000000 312.000000 
352.000000 313.000000 
235.000000 314.000000 
236.000000 314.000000 
237.000000 314.000000 
238.000000 314.000000 
348.000000 314.000000 
212.000000 315.000000 
213.000000 315.000000 
214.000000 315.000000 
215.000000 315.000000 
237.000000 315.000000 
238.000000 315.000000 
239.000000 315.000000 
240.000000 315.000000 
245.000000 315.000000 
246.000000 315.000000 
243.000000 316.000000 
244.000000 316.000000 
255.000000 316.000000 
251.000000 317.000000 
336.000000 317.000000 
259.000000 318.000000 
410.000000 318.000000 
269.000000 319.000000 
282.000000 319.000000 
283.000000 319.000000 
400.000000 319.000000 
401.000000 319.000000 
402.000000 319.000000 
403.000000 319.000000 
404.000000 319.000000 
405.000000 319.000000 
406.000000 319.000000 
407.000000 319.000000 
415.000000 319.000000 
416.000000 319.000000 
417.000000 319.000000 
418.000000 319.000000 
280.000000 320.000000 
297.000000 320.000000 
298.000000 320.000000 
395.000000 320.000000 
415.000000 320.000000 
418.000000 320.000000 
388.000000 321.000000 
416.000000 321.000000 
382.000000 322.000000 
416.000000 322.000000 
418.000000 322.000000 
281.000000 339.000000 
275.000000 340.000000 
269.000000 341.000000 
189.000000 373.000000 
190.000000 373.000000 
189.000000 374.000000 
191.000000 374.000000 
194.000000 377.000000 
366.000000 383.000000 
191.000000 384.000000 
365.000000 384.000000 
367.000000 384.000000 
370.000000 386.000000 
212.000000 388.000000 
213.000000 388.000000 
211.000000 389.000000 
210.000000 390.000000 
310.000000 393.000000 
311.000000 393.000000 
313.000000 394.000000 
315.000000 395.000000 
247.000000 418.000000 
190.000000 432.000000 
187.000000 435.000000 
188.000000 435.000000 
187.000000 441.000000 
368.000000 446.000000 
369.000000 446.000000 
216.000000 456.000000 
215.000000 457.000000 
216.000000 457.000000 
217.000000 457.000000 
214.000000 458.000000 
215.000000 458.000000 
218.000000 458.000000 
213.000000 459.000000 
212.000000 460.000000 
213.000000 460.000000 
212.000000 461.000000 
213.000000 461.000000 
309.000000 462.000000 
310.000000 463.000000 
311.000000 465.000000 
312.000000 466.000000 
217.000000 468.000000 
418.000000 502.000000 
418.000000 503.000000 
419.000000 503.000000 
417.000000 504.000000 
418.000000 504.000000 
419.000000 504.000000 
418.000000 505.000000 
411.000000 511.000000 
412.000000 511.000000 
405.000000 514.000000 
395.000000 516.000000 
384.000000 520.000000 
346.000000 533.000000 
337.000000 536.000000 
317.000000 543.000000 
303.000000 548.000000 
299.000000 549.000000 
300.000000 549.000000 
304.000000 549.000000 
285.000000 554.000000 
277.000000 557.000000 
271.000000 559.000000 
272.000000 559.000000 
273.000000 559.000000 
252.000000 561.000000 
251.000000 562.000000 
252.000000 562.000000 
251.000000 563.000000 
