0.014801 0.986791 1.000844
0.014815 0.986724 0.995360
-0.197687 0.325192 1.633494
-0.154549 0.373741 1.632195
0.057735 1.024357 0.982198
-0.157944 0.254797 1.679156
-0.148068 0.231725 1.696603
-0.153907 0.115767 1.808050
-0.121532 0.091651 1.838206
-0.116562 0.028019 1.867835
-0.086943 0.019942 1.883663
-0.037475 0.085478 1.888188
0.024671 0.175515 1.850788
0.008298 0.109813 1.903706
0.028029 0.062059 0.985239
0.024040 0.004145 0.996255
0.034506 0.025165 0.987476
-0.026817 -0.122830 1.922735
-0.018230 -0.115258 1.924773
-0.009745 -0.107914 1.924557
-0.001203 -0.100521 1.924340
0.002101 -0.103514 1.924374
0.000124 -0.116879 1.924660
0.058043 -0.061125 1.918436
0.189862 0.102571 2.527033
0.177459 0.079282 2.486051
0.195098 0.043340 2.521451
-0.022004 -0.065157 1.896461
0.245294 -0.260967 1.767397
0.292499 -0.315330 1.757199
0.313063 -0.376250 1.735060
