199.000000 316.000000 
200.000000 316.000000 
201.000000 316.000000 
204.000000 165.000000 
205.000000 319.000000 
206.000000 165.000000 
207.000000 165.000000 
208.000000 165.000000 
213.000000 322.000000 
219.000000 324.000000 
221.000000 325.000000 
224.000000 325.000000 
224.000000 326.000000 
227.000000 327.000000 
228.000000 326.000000 
245.000000 190.000000 
246.000000 190.000000 
252.000000 322.000000 
255.000000 323.000000 
256.000000 323.000000 
257.000000 323.000000 
258.000000 324.000000 
261.000000 325.000000 
263.000000 324.000000 
267.000000 325.000000 
268.000000 341.000000 
270.000000 210.000000 
275.000000 328.000000 
276.000000 327.000000 
277.000000 327.000000 
280.000000 329.000000 
286.000000 329.000000 
308.000000 354.000000 
309.000000 354.000000 
314.000000 353.000000 
315.000000 353.000000 
316.000000 353.000000 
321.000000 352.000000 
322.000000 333.000000 
323.000000 333.000000 
326.000000 332.000000 
330.000000 331.000000 
330.000000 350.000000 
331.000000 350.000000 
332.000000 331.000000 
335.000000 349.000000 
336.000000 349.000000 
337.000000 349.000000 
342.000000 329.000000 
342.000000 348.000000 
345.000000 328.000000 
346.000000 347.000000 
347.000000 347.000000 
350.000000 327.000000 
351.000000 346.000000 
352.000000 346.000000 
356.000000 345.000000 
359.000000 344.000000 
360.000000 344.000000 
363.000000 343.000000 
366.000000 342.000000 
367.000000 342.000000 
368.000000 342.000000 
372.000000 341.000000 
373.000000 341.000000 
377.000000 340.000000 
378.000000 340.000000 
