162.000000 309.000000 
163.000000 309.000000 
164.000000 309.000000 
165.000000 309.000000 
166.000000 309.000000 
167.000000 309.000000 
174.000000 308.000000 
175.000000 308.000000 
176.000000 308.000000 
177.000000 308.000000 
178.000000 308.000000 
179.000000 308.000000 
180.000000 229.000000 
183.000000 229.000000 
186.000000 318.000000 
189.000000 318.000000 
190.000000 318.000000 
236.000000 124.000000 
240.000000 124.000000 
255.000000 113.000000 
258.000000 112.000000 
309.000000 318.000000 
326.000000 297.000000 
334.000000 110.000000 
340.000000 312.000000 
401.000000 207.000000 
402.000000 206.000000 
401.000000 206.000000 
425.000000 292.000000 
426.000000 292.000000 
