1.125512 0.239327 1.686170
1.199001 0.293485 1.566043
1.199777 0.300117 1.566107
1.200551 0.306732 1.566169
1.178455 0.294500 1.580569
1.085109 0.338058 1.652376
1.080405 0.340377 1.652234
1.081430 0.347193 1.652165
0.789987 0.359206 2.245532
0.877690 0.418189 2.104590
0.879160 0.425255 2.103781
0.880627 0.432302 2.102974
0.863815 0.426927 2.107179
1.134488 0.487622 1.206974
0.279618 -0.019006 1.019801
0.758184 0.440556 2.299245
0.765453 0.468755 2.183500
0.770010 0.465652 2.180742
0.767287 0.476009 2.179760
0.530780 0.547371 2.667508
0.508814 0.557329 2.642407
0.501189 0.564348 2.628887
0.790400 0.739706 1.575015
0.795258 0.759441 1.579932
0.488453 0.725254 2.407472
0.718020 0.811991 1.650847
0.719888 0.818600 1.650782
0.721750 0.825190 1.650717
0.484899 0.738285 2.369940
0.537786 0.809264 2.179460
0.480201 0.883202 2.115968
0.482700 0.890099 2.115043
0.485192 0.896974 2.114120
0.680776 1.031816 1.282252
0.864916 1.234409 1.842328
0.482125 1.133745 1.644514
0.484629 1.140115 1.644460
0.492707 1.148540 1.644479
0.446166 1.237210 1.577145
0.448774 1.243417 1.577219
0.451605 1.249747 1.573019
