311 2
288.000000 33.000000 
289.000000 33.000000 
287.000000 34.000000 
375.000000 37.000000 
327.000000 38.000000 
328.000000 38.000000 
375.000000 38.000000 
196.000000 65.000000 
186.000000 77.000000 
162.000000 114.000000 
149.000000 137.000000 
269.000000 155.000000 
459.000000 158.000000 
153.000000 173.000000 
447.000000 174.000000 
309.000000 179.000000 
316.000000 180.000000 
440.000000 185.000000 
184.000000 207.000000 
175.000000 210.000000 
180.000000 314.000000 
372.000000 321.000000 
358.000000 326.000000 
353.000000 327.000000 
361.000000 330.000000 
293.000000 331.000000 
294.000000 331.000000 
325.000000 346.000000 
265.000000 355.000000 
201.000000 381.000000 
202.000000 382.000000 
198.000000 385.000000 
383.000000 394.000000 
226.000000 396.000000 
221.000000 402.000000 
325.000000 403.000000 
395.000000 403.000000 
325.000000 404.000000 
340.000000 415.000000 
384.000000 421.000000 
311.000000 422.000000 
329.000000 424.000000 
328.000000 425.000000 
262.000000 434.000000 
323.000000 437.000000 
229.000000 467.000000 
395.000000 470.000000 
333.000000 485.000000 
336.000000 486.000000 
180.000000 488.000000 
181.000000 493.000000 
182.000000 494.000000 
330.000000 499.000000 
329.000000 500.000000 
327.000000 505.000000 
429.000000 527.000000 
275.000000 581.000000 
