463 2
376.000000 32.000000 
254.000000 37.000000 
252.000000 38.000000 
304.000000 39.000000 
308.000000 39.000000 
309.000000 39.000000 
365.000000 39.000000 
313.000000 40.000000 
291.000000 41.000000 
395.000000 43.000000 
228.000000 52.000000 
386.000000 59.000000 
387.000000 62.000000 
395.000000 63.000000 
395.000000 64.000000 
395.000000 65.000000 
205.000000 84.000000 
206.000000 84.000000 
204.000000 86.000000 
438.000000 90.000000 
200.000000 96.000000 
194.000000 107.000000 
193.000000 108.000000 
434.000000 125.000000 
405.000000 158.000000 
401.000000 160.000000 
398.000000 162.000000 
216.000000 164.000000 
210.000000 165.000000 
450.000000 169.000000 
471.000000 169.000000 
450.000000 170.000000 
383.000000 172.000000 
380.000000 174.000000 
374.000000 178.000000 
363.000000 186.000000 
161.000000 190.000000 
357.000000 190.000000 
477.000000 190.000000 
160.000000 192.000000 
267.000000 192.000000 
268.000000 193.000000 
276.000000 196.000000 
348.000000 197.000000 
277.000000 200.000000 
287.000000 203.000000 
340.000000 203.000000 
286.000000 205.000000 
295.000000 206.000000 
335.000000 206.000000 
300.000000 207.000000 
311.000000 213.000000 
317.000000 215.000000 
315.000000 281.000000 
241.000000 319.000000 
448.000000 325.000000 
458.000000 325.000000 
305.000000 335.000000 
227.000000 386.000000 
230.000000 395.000000 
259.000000 399.000000 
253.000000 403.000000 
359.000000 413.000000 
191.000000 422.000000 
190.000000 426.000000 
225.000000 447.000000 
409.000000 466.000000 
260.000000 472.000000 
263.000000 472.000000 
254.000000 477.000000 
265.000000 485.000000 
263.000000 487.000000 
194.000000 494.000000 
456.000000 515.000000 
450.000000 519.000000 
438.000000 524.000000 
436.000000 525.000000 
425.000000 530.000000 
418.000000 533.000000 
412.000000 536.000000 
385.000000 548.000000 
359.000000 560.000000 
355.000000 561.000000 
356.000000 561.000000 
349.000000 564.000000 
340.000000 568.000000 
336.000000 570.000000 
324.000000 575.000000 
