372.000000 318.000000 
177.000000 318.000000 
234.000000 125.000000 
204.000000 229.000000 
188.000000 281.000000 
187.000000 284.000000 
239.000000 112.000000 
237.000000 118.000000 
213.000000 205.000000 
212.000000 203.000000 
234.000000 126.000000 
245.000000 95.000000 
209.000000 223.000000 
373.000000 318.000000 
373.000000 318.000000 
315.000000 369.000000 
314.000000 369.000000 
314.000000 369.000000 
359.000000 321.000000 
359.000000 321.000000 
359.000000 321.000000 
359.000000 321.000000 
359.000000 321.000000 
359.000000 321.000000 
392.000000 314.000000 
381.000000 316.000000 
390.000000 315.000000 
390.000000 315.000000 
390.000000 315.000000 
391.000000 314.000000 
393.000000 313.000000 
395.000000 313.000000 
415.000000 213.000000 
417.000000 214.000000 
416.000000 214.000000 
418.000000 213.000000 
409.000000 312.000000 
411.000000 311.000000 
441.000000 305.000000 
445.000000 305.000000 
