348.000000 31.000000 
365.000000 31.000000 
365.000000 31.000000 
364.000000 31.000000 
366.000000 32.000000 
353.000000 32.000000 
350.000000 32.000000 
354.000000 32.000000 
354.000000 32.000000 
352.000000 32.000000 
316.000000 34.000000 
353.000000 32.000000 
365.000000 33.000000 
253.000000 31.000000 
253.000000 31.000000 
249.000000 32.000000 
248.000000 32.000000 
250.000000 32.000000 
280.000000 32.000000 
283.000000 32.000000 
283.000000 32.000000 
280.000000 32.000000 
315.000000 34.000000 
316.000000 34.000000 
316.000000 34.000000 
318.000000 34.000000 
312.000000 35.000000 
240.000000 37.000000 
377.000000 55.000000 
393.000000 82.000000 
394.000000 83.000000 
390.000000 83.000000 
392.000000 81.000000 
393.000000 85.000000 
394.000000 83.000000 
395.000000 93.000000 
195.000000 122.000000 
410.000000 136.000000 
427.000000 158.000000 
427.000000 158.000000 
208.000000 160.000000 
208.000000 160.000000 
230.000000 173.000000 
360.000000 172.000000 
345.000000 182.000000 
322.000000 197.000000 
322.000000 197.000000 
318.000000 200.000000 
304.000000 208.000000 
302.000000 209.000000 
465.000000 213.000000 
465.000000 215.000000 
306.000000 298.000000 
185.000000 318.000000 
185.000000 318.000000 
185.000000 318.000000 
248.000000 317.000000 
248.000000 317.000000 
257.000000 318.000000 
258.000000 318.000000 
258.000000 318.000000 
185.000000 318.000000 
232.000000 317.000000 
180.000000 322.000000 
365.000000 315.000000 
365.000000 315.000000 
366.000000 315.000000 
366.000000 315.000000 
367.000000 315.000000 
367.000000 315.000000 
362.000000 316.000000 
373.000000 314.000000 
374.000000 314.000000 
374.000000 314.000000 
370.000000 315.000000 
370.000000 315.000000 
361.000000 316.000000 
366.000000 317.000000 
353.000000 319.000000 
358.000000 319.000000 
344.000000 321.000000 
338.000000 321.000000 
334.000000 322.000000 
335.000000 322.000000 
344.000000 321.000000 
336.000000 322.000000 
334.000000 323.000000 
431.000000 317.000000 
432.000000 316.000000 
435.000000 317.000000 
435.000000 315.000000 
435.000000 317.000000 
435.000000 317.000000 
435.000000 317.000000 
438.000000 315.000000 
439.000000 314.000000 
440.000000 316.000000 
441.000000 316.000000 
442.000000 317.000000 
338.000000 323.000000 
428.000000 317.000000 
443.000000 317.000000 
425.000000 319.000000 
430.000000 316.000000 
422.000000 321.000000 
422.000000 321.000000 
396.000000 330.000000 
394.000000 331.000000 
388.000000 333.000000 
382.000000 335.000000 
377.000000 337.000000 
373.000000 339.000000 
363.000000 343.000000 
363.000000 343.000000 
365.000000 343.000000 
365.000000 344.000000 
359.000000 346.000000 
358.000000 346.000000 
233.000000 398.000000 
233.000000 398.000000 
233.000000 398.000000 
413.000000 385.000000 
413.000000 385.000000 
412.000000 387.000000 
413.000000 385.000000 
413.000000 385.000000 
415.000000 386.000000 
415.000000 386.000000 
415.000000 386.000000 
415.000000 386.000000 
415.000000 386.000000 
409.000000 391.000000 
413.000000 385.000000 
409.000000 391.000000 
227.000000 391.000000 
409.000000 391.000000 
409.000000 392.000000 
227.000000 391.000000 
383.000000 401.000000 
227.000000 391.000000 
227.000000 391.000000 
386.000000 403.000000 
233.000000 398.000000 
233.000000 398.000000 
411.000000 389.000000 
233.000000 398.000000 
235.000000 399.000000 
387.000000 403.000000 
382.000000 413.000000 
387.000000 403.000000 
386.000000 404.000000 
383.000000 411.000000 
228.000000 459.000000 
228.000000 459.000000 
229.000000 460.000000 
228.000000 459.000000 
228.000000 459.000000 
228.000000 459.000000 
228.000000 459.000000 
230.000000 462.000000 
228.000000 459.000000 
230.000000 461.000000 
230.000000 462.000000 
414.000000 447.000000 
230.000000 461.000000 
414.000000 447.000000 
414.000000 449.000000 
411.000000 451.000000 
414.000000 449.000000 
233.000000 475.000000 
414.000000 449.000000 
414.000000 449.000000 
283.000000 478.000000 
379.000000 472.000000 
379.000000 472.000000 
379.000000 472.000000 
377.000000 475.000000 
382.000000 473.000000 
382.000000 473.000000 
382.000000 473.000000 
181.000000 508.000000 
180.000000 509.000000 
180.000000 509.000000 
180.000000 508.000000 
180.000000 510.000000 
181.000000 508.000000 
181.000000 510.000000 
180.000000 510.000000 
180.000000 510.000000 
183.000000 510.000000 
180.000000 509.000000 
182.000000 510.000000 
180.000000 508.000000 
181.000000 510.000000 
180.000000 510.000000 
232.000000 476.000000 
232.000000 476.000000 
233.000000 475.000000 
442.000000 492.000000 
324.000000 577.000000 
330.000000 581.000000 
330.000000 581.000000 
330.000000 581.000000 
330.000000 581.000000 
330.000000 581.000000 
